bert-base-uncased tb ITERATION: 0
Training epoch: 1
torch.Size([32, 256, 17])
torch.Size([32, 256])
torch.Size([32, 256])
True | LABEL: 16 PRED: 16 MAX: 0.347
[0.086, 0.027, 0.037, 0.022, 0.122, 0.043, 0.024, 0.019, 0.015, 0.011, 0.15, 0.016, 0.02, 0.022, 0.027, 0.011, 0.347]

True | LABEL: 16 PRED: 16 MAX: 0.342
[0.097, 0.018, 0.058, 0.025, 0.125, 0.043, 0.023, 0.017, 0.016, 0.014, 0.105, 0.012, 0.034, 0.019, 0.034, 0.017, 0.342]

True | LABEL: 0 PRED: 0 MAX: 0.464
[0.464, 0.02, 0.042, 0.022, 0.065, 0.066, 0.021, 0.016, 0.014, 0.018, 0.09, 0.009, 0.026, 0.025, 0.02, 0.011, 0.071]

False | LABEL: 8 PRED: 16 MAX: 0.217
[0.115, 0.02, 0.045, 0.033, 0.134, 0.051, 0.034, 0.026, 0.031, 0.012, 0.185, 0.012, 0.022, 0.018, 0.028, 0.016, 0.217]

False | LABEL: 1 PRED: 0 MAX: 0.174
[0.174, 0.028, 0.057, 0.047, 0.08, 0.091, 0.039, 0.032, 0.02, 0.026, 0.172, 0.019, 0.034, 0.024, 0.034, 0.016, 0.106]

True | LABEL: 10 PRED: 10 MAX: 0.226
[0.153, 0.034, 0.055, 0.037, 0.058, 0.058, 0.023, 0.031, 0.032, 0.024, 0.226, 0.017, 0.04, 0.022, 0.056, 0.019, 0.112]

False | LABEL: 7 PRED: 2 MAX: 0.109
[0.095, 0.04, 0.109, 0.054, 0.041, 0.107, 0.037, 0.054, 0.029, 0.052, 0.089, 0.019, 0.072, 0.053, 0.025, 0.037, 0.087]

True | LABEL: 5 PRED: 5 MAX: 0.192
[0.129, 0.03, 0.061, 0.046, 0.047, 0.192, 0.051, 0.032, 0.027, 0.035, 0.076, 0.025, 0.076, 0.067, 0.025, 0.027, 0.055]

False | LABEL: 10 PRED: 2 MAX: 0.172
[0.096, 0.017, 0.172, 0.047, 0.068, 0.089, 0.026, 0.049, 0.021, 0.032, 0.123, 0.013, 0.05, 0.06, 0.026, 0.041, 0.07]

False | LABEL: 12 PRED: 5 MAX: 0.157
[0.155, 0.029, 0.048, 0.044, 0.059, 0.157, 0.042, 0.035, 0.03, 0.031, 0.079, 0.034, 0.083, 0.058, 0.029, 0.034, 0.053]

False | LABEL: 14 PRED: 2 MAX: 0.142
[0.1, 0.018, 0.142, 0.052, 0.051, 0.113, 0.027, 0.04, 0.028, 0.021, 0.096, 0.017, 0.052, 0.056, 0.048, 0.048, 0.092]

False | LABEL: 7 PRED: 3 MAX: 0.127
[0.078, 0.021, 0.112, 0.127, 0.047, 0.09, 0.027, 0.072, 0.013, 0.043, 0.084, 0.024, 0.074, 0.043, 0.035, 0.05, 0.057]

True | LABEL: 10 PRED: 10 MAX: 0.181
[0.121, 0.019, 0.131, 0.051, 0.08, 0.07, 0.036, 0.032, 0.017, 0.015, 0.181, 0.015, 0.034, 0.034, 0.038, 0.024, 0.103]

True | LABEL: 0 PRED: 0 MAX: 0.352
[0.352, 0.025, 0.046, 0.02, 0.046, 0.094, 0.027, 0.025, 0.019, 0.026, 0.11, 0.015, 0.058, 0.049, 0.022, 0.028, 0.038]

False | LABEL: 14 PRED: 0 MAX: 0.19
[0.19, 0.02, 0.08, 0.044, 0.088, 0.106, 0.034, 0.031, 0.018, 0.021, 0.125, 0.014, 0.055, 0.036, 0.031, 0.028, 0.077]

False | LABEL: 2 PRED: 10 MAX: 0.186
[0.104, 0.025, 0.051, 0.035, 0.089, 0.086, 0.042, 0.032, 0.016, 0.02, 0.186, 0.016, 0.035, 0.025, 0.041, 0.017, 0.18]

False | LABEL: 9 PRED: 0 MAX: 0.196
[0.196, 0.021, 0.088, 0.024, 0.084, 0.116, 0.04, 0.045, 0.017, 0.032, 0.084, 0.025, 0.079, 0.068, 0.029, 0.021, 0.033]

False | LABEL: 2 PRED: 10 MAX: 0.213
[0.106, 0.028, 0.121, 0.04, 0.048, 0.068, 0.053, 0.032, 0.02, 0.021, 0.213, 0.014, 0.038, 0.031, 0.043, 0.028, 0.095]

True | LABEL: 0 PRED: 0 MAX: 0.23
[0.23, 0.028, 0.057, 0.035, 0.063, 0.073, 0.028, 0.048, 0.028, 0.022, 0.121, 0.018, 0.05, 0.03, 0.036, 0.016, 0.118]

True | LABEL: 16 PRED: 16 MAX: 0.194
[0.125, 0.016, 0.07, 0.028, 0.14, 0.051, 0.029, 0.021, 0.024, 0.013, 0.115, 0.016, 0.053, 0.039, 0.046, 0.022, 0.194]

True | LABEL: 16 PRED: 16 MAX: 0.239
[0.114, 0.023, 0.085, 0.029, 0.111, 0.059, 0.033, 0.019, 0.016, 0.017, 0.107, 0.018, 0.053, 0.025, 0.042, 0.01, 0.239]

True | LABEL: 16 PRED: 16 MAX: 0.295
[0.099, 0.019, 0.07, 0.019, 0.117, 0.052, 0.024, 0.016, 0.021, 0.009, 0.139, 0.01, 0.04, 0.019, 0.032, 0.018, 0.295]

----------------------------------------
False | LABEL: 11 PRED: 0 MAX: 0.217
[0.217, 0.02, 0.095, 0.045, 0.072, 0.051, 0.038, 0.037, 0.031, 0.035, 0.082, 0.031, 0.06, 0.029, 0.048, 0.025, 0.084]

True | LABEL: 0 PRED: 0 MAX: 0.37
[0.37, 0.031, 0.031, 0.048, 0.04, 0.065, 0.029, 0.031, 0.026, 0.022, 0.062, 0.018, 0.064, 0.045, 0.042, 0.018, 0.058]

False | LABEL: 14 PRED: 10 MAX: 0.243
[0.176, 0.038, 0.063, 0.066, 0.044, 0.046, 0.022, 0.043, 0.039, 0.025, 0.243, 0.027, 0.044, 0.035, 0.029, 0.014, 0.046]

False | LABEL: 14 PRED: 0 MAX: 0.165
[0.165, 0.037, 0.067, 0.051, 0.041, 0.129, 0.025, 0.075, 0.026, 0.03, 0.116, 0.021, 0.06, 0.051, 0.03, 0.034, 0.043]

True | LABEL: 0 PRED: 0 MAX: 0.368
[0.368, 0.024, 0.047, 0.032, 0.05, 0.064, 0.029, 0.028, 0.023, 0.02, 0.074, 0.027, 0.052, 0.024, 0.061, 0.019, 0.055]

True | LABEL: 3 PRED: 3 MAX: 0.126
[0.09, 0.024, 0.071, 0.126, 0.067, 0.107, 0.028, 0.052, 0.04, 0.059, 0.057, 0.043, 0.082, 0.073, 0.026, 0.03, 0.026]

False | LABEL: 10 PRED: 2 MAX: 0.146
[0.111, 0.02, 0.146, 0.061, 0.055, 0.084, 0.039, 0.043, 0.035, 0.033, 0.12, 0.036, 0.045, 0.046, 0.042, 0.022, 0.064]

False | LABEL: 12 PRED: 0 MAX: 0.168
[0.168, 0.025, 0.044, 0.063, 0.049, 0.077, 0.035, 0.061, 0.04, 0.044, 0.043, 0.031, 0.139, 0.056, 0.063, 0.024, 0.037]

False | LABEL: 6 PRED: 2 MAX: 0.128
[0.123, 0.039, 0.128, 0.054, 0.058, 0.072, 0.035, 0.046, 0.049, 0.024, 0.084, 0.032, 0.067, 0.061, 0.055, 0.022, 0.052]

True | LABEL: 0 PRED: 0 MAX: 0.354
[0.354, 0.02, 0.054, 0.049, 0.037, 0.061, 0.03, 0.048, 0.029, 0.029, 0.052, 0.021, 0.069, 0.026, 0.044, 0.021, 0.055]

----------------------------------------
False | LABEL: 15 PRED: 0 MAX: 0.163
[0.163, 0.018, 0.085, 0.041, 0.048, 0.101, 0.062, 0.041, 0.026, 0.03, 0.144, 0.044, 0.051, 0.033, 0.044, 0.024, 0.045]

True | LABEL: 5 PRED: 5 MAX: 0.198
[0.155, 0.02, 0.054, 0.036, 0.036, 0.198, 0.065, 0.037, 0.047, 0.029, 0.082, 0.042, 0.063, 0.042, 0.035, 0.016, 0.041]

False | LABEL: 2 PRED: 5 MAX: 0.224
[0.132, 0.016, 0.086, 0.051, 0.035, 0.224, 0.041, 0.042, 0.034, 0.029, 0.044, 0.026, 0.089, 0.061, 0.043, 0.021, 0.026]

True | LABEL: 10 PRED: 10 MAX: 0.181
[0.121, 0.025, 0.099, 0.042, 0.051, 0.075, 0.048, 0.039, 0.04, 0.018, 0.181, 0.026, 0.036, 0.036, 0.037, 0.026, 0.099]

False | LABEL: 13 PRED: 7 MAX: 0.109
[0.062, 0.032, 0.101, 0.073, 0.066, 0.071, 0.033, 0.109, 0.035, 0.031, 0.047, 0.043, 0.074, 0.079, 0.035, 0.048, 0.062]

False | LABEL: 2 PRED: 0 MAX: 0.161
[0.161, 0.029, 0.131, 0.039, 0.061, 0.066, 0.036, 0.058, 0.028, 0.038, 0.125, 0.022, 0.031, 0.037, 0.054, 0.034, 0.051]

False | LABEL: 7 PRED: 0 MAX: 0.149
[0.149, 0.041, 0.084, 0.038, 0.054, 0.111, 0.055, 0.051, 0.034, 0.028, 0.106, 0.037, 0.041, 0.035, 0.057, 0.029, 0.049]

False | LABEL: 3 PRED: 10 MAX: 0.168
[0.145, 0.021, 0.073, 0.048, 0.04, 0.122, 0.038, 0.044, 0.058, 0.028, 0.168, 0.028, 0.061, 0.034, 0.033, 0.028, 0.032]

False | LABEL: 6 PRED: 10 MAX: 0.186
[0.128, 0.035, 0.1, 0.033, 0.078, 0.105, 0.035, 0.029, 0.018, 0.015, 0.186, 0.026, 0.03, 0.04, 0.036, 0.019, 0.087]

True | LABEL: 10 PRED: 10 MAX: 0.192
[0.115, 0.026, 0.069, 0.031, 0.077, 0.046, 0.09, 0.038, 0.054, 0.029, 0.192, 0.014, 0.045, 0.029, 0.053, 0.021, 0.069]

True | LABEL: 0 PRED: 0 MAX: 0.309
[0.309, 0.019, 0.074, 0.026, 0.089, 0.07, 0.039, 0.021, 0.026, 0.016, 0.091, 0.018, 0.037, 0.021, 0.06, 0.024, 0.058]

False | LABEL: 10 PRED: 0 MAX: 0.217
[0.217, 0.025, 0.077, 0.036, 0.073, 0.115, 0.038, 0.029, 0.026, 0.033, 0.137, 0.021, 0.044, 0.026, 0.034, 0.015, 0.053]

False | LABEL: 7 PRED: 0 MAX: 0.196
[0.196, 0.036, 0.085, 0.044, 0.057, 0.084, 0.049, 0.057, 0.027, 0.026, 0.093, 0.031, 0.052, 0.041, 0.043, 0.024, 0.054]

False | LABEL: 4 PRED: 10 MAX: 0.163
[0.111, 0.05, 0.07, 0.034, 0.08, 0.076, 0.028, 0.042, 0.051, 0.02, 0.163, 0.019, 0.038, 0.024, 0.044, 0.018, 0.132]

True | LABEL: 16 PRED: 16 MAX: 0.4
[0.053, 0.02, 0.065, 0.03, 0.059, 0.031, 0.03, 0.031, 0.019, 0.009, 0.147, 0.015, 0.035, 0.017, 0.024, 0.016, 0.4]

----------------------------------------
True | LABEL: 16 PRED: 16 MAX: 0.416
[0.086, 0.012, 0.05, 0.028, 0.084, 0.036, 0.022, 0.021, 0.014, 0.01, 0.122, 0.013, 0.029, 0.017, 0.024, 0.015, 0.416]

True | LABEL: 16 PRED: 16 MAX: 0.346
[0.062, 0.021, 0.056, 0.026, 0.196, 0.033, 0.023, 0.028, 0.02, 0.013, 0.07, 0.014, 0.032, 0.019, 0.026, 0.016, 0.346]

True | LABEL: 0 PRED: 0 MAX: 0.385
[0.385, 0.021, 0.06, 0.025, 0.059, 0.052, 0.025, 0.027, 0.02, 0.02, 0.112, 0.021, 0.031, 0.033, 0.024, 0.014, 0.072]

False | LABEL: 2 PRED: 16 MAX: 0.279
[0.084, 0.017, 0.057, 0.022, 0.077, 0.052, 0.034, 0.023, 0.025, 0.01, 0.222, 0.012, 0.032, 0.019, 0.023, 0.01, 0.279]

False | LABEL: 3 PRED: 0 MAX: 0.209
[0.209, 0.035, 0.061, 0.031, 0.099, 0.097, 0.032, 0.041, 0.021, 0.024, 0.174, 0.016, 0.032, 0.021, 0.025, 0.015, 0.067]

False | LABEL: 10 PRED: 5 MAX: 0.119
[0.049, 0.03, 0.111, 0.04, 0.067, 0.119, 0.022, 0.061, 0.046, 0.035, 0.103, 0.025, 0.049, 0.072, 0.05, 0.016, 0.106]

False | LABEL: 13 PRED: 0 MAX: 0.198
[0.198, 0.02, 0.069, 0.038, 0.085, 0.096, 0.032, 0.066, 0.035, 0.024, 0.102, 0.024, 0.041, 0.058, 0.02, 0.021, 0.069]

False | LABEL: 2 PRED: 10 MAX: 0.168
[0.099, 0.024, 0.119, 0.04, 0.082, 0.073, 0.038, 0.048, 0.03, 0.028, 0.168, 0.023, 0.041, 0.051, 0.035, 0.022, 0.077]

True | LABEL: 10 PRED: 10 MAX: 0.177
[0.122, 0.02, 0.127, 0.048, 0.087, 0.061, 0.038, 0.057, 0.034, 0.019, 0.177, 0.029, 0.037, 0.029, 0.033, 0.014, 0.068]

True | LABEL: 7 PRED: 7 MAX: 0.147
[0.064, 0.025, 0.134, 0.056, 0.053, 0.061, 0.038, 0.147, 0.045, 0.017, 0.062, 0.044, 0.053, 0.066, 0.044, 0.027, 0.065]

False | LABEL: 3 PRED: 10 MAX: 0.228
[0.111, 0.029, 0.07, 0.04, 0.079, 0.051, 0.025, 0.06, 0.047, 0.021, 0.228, 0.037, 0.034, 0.048, 0.024, 0.017, 0.079]

False | LABEL: 6 PRED: 10 MAX: 0.161
[0.113, 0.035, 0.089, 0.044, 0.078, 0.058, 0.041, 0.036, 0.04, 0.023, 0.161, 0.019, 0.034, 0.027, 0.038, 0.024, 0.139]

False | LABEL: 4 PRED: 10 MAX: 0.232
[0.159, 0.048, 0.066, 0.032, 0.102, 0.038, 0.022, 0.029, 0.022, 0.016, 0.232, 0.013, 0.017, 0.014, 0.026, 0.024, 0.139]

False | LABEL: 4 PRED: 16 MAX: 0.328
[0.087, 0.023, 0.078, 0.025, 0.133, 0.031, 0.035, 0.021, 0.022, 0.008, 0.075, 0.02, 0.041, 0.026, 0.03, 0.018, 0.328]

False | LABEL: 4 PRED: 10 MAX: 0.191
[0.175, 0.022, 0.035, 0.033, 0.073, 0.073, 0.03, 0.045, 0.042, 0.021, 0.191, 0.035, 0.033, 0.031, 0.039, 0.023, 0.099]

True | LABEL: 10 PRED: 10 MAX: 0.253
[0.131, 0.026, 0.068, 0.024, 0.07, 0.041, 0.039, 0.048, 0.026, 0.015, 0.253, 0.02, 0.03, 0.039, 0.038, 0.023, 0.108]

False | LABEL: 7 PRED: 0 MAX: 0.122
[0.122, 0.022, 0.105, 0.04, 0.103, 0.104, 0.043, 0.048, 0.031, 0.031, 0.083, 0.033, 0.042, 0.03, 0.045, 0.023, 0.095]

False | LABEL: 4 PRED: 10 MAX: 0.204
[0.124, 0.03, 0.079, 0.019, 0.104, 0.042, 0.026, 0.048, 0.026, 0.019, 0.204, 0.02, 0.058, 0.018, 0.031, 0.021, 0.132]

False | LABEL: 1 PRED: 0 MAX: 0.134
[0.134, 0.039, 0.094, 0.037, 0.039, 0.112, 0.02, 0.053, 0.026, 0.027, 0.132, 0.026, 0.055, 0.054, 0.045, 0.014, 0.091]

True | LABEL: 0 PRED: 0 MAX: 0.293
[0.293, 0.016, 0.071, 0.034, 0.057, 0.047, 0.029, 0.02, 0.024, 0.021, 0.102, 0.02, 0.033, 0.026, 0.037, 0.011, 0.159]

False | LABEL: 4 PRED: 10 MAX: 0.167
[0.155, 0.024, 0.051, 0.032, 0.115, 0.047, 0.033, 0.048, 0.02, 0.019, 0.167, 0.014, 0.041, 0.036, 0.021, 0.025, 0.149]

False | LABEL: 14 PRED: 0 MAX: 0.192
[0.192, 0.019, 0.084, 0.037, 0.092, 0.07, 0.038, 0.035, 0.024, 0.021, 0.117, 0.019, 0.062, 0.036, 0.025, 0.017, 0.112]

True | LABEL: 0 PRED: 0 MAX: 0.284
[0.284, 0.03, 0.058, 0.028, 0.066, 0.082, 0.036, 0.031, 0.036, 0.013, 0.133, 0.017, 0.025, 0.026, 0.031, 0.024, 0.08]

False | LABEL: 2 PRED: 0 MAX: 0.17
[0.17, 0.022, 0.123, 0.034, 0.066, 0.067, 0.035, 0.042, 0.03, 0.023, 0.16, 0.027, 0.041, 0.033, 0.025, 0.017, 0.086]

False | LABEL: 1 PRED: 0 MAX: 0.148
[0.148, 0.036, 0.042, 0.038, 0.119, 0.054, 0.045, 0.036, 0.051, 0.034, 0.14, 0.025, 0.04, 0.035, 0.027, 0.038, 0.092]

True | LABEL: 0 PRED: 0 MAX: 0.31
[0.31, 0.018, 0.056, 0.024, 0.094, 0.037, 0.028, 0.018, 0.023, 0.013, 0.116, 0.024, 0.037, 0.021, 0.032, 0.01, 0.138]

True | LABEL: 16 PRED: 16 MAX: 0.536
[0.045, 0.025, 0.035, 0.019, 0.059, 0.025, 0.019, 0.018, 0.015, 0.01, 0.119, 0.013, 0.016, 0.016, 0.021, 0.008, 0.536]

True | LABEL: 0 PRED: 0 MAX: 0.28
[0.28, 0.025, 0.058, 0.029, 0.074, 0.049, 0.038, 0.036, 0.024, 0.023, 0.117, 0.035, 0.039, 0.028, 0.036, 0.017, 0.091]

----------------------------------------
True | LABEL: 16 PRED: 16 MAX: 0.569
[0.033, 0.018, 0.042, 0.016, 0.084, 0.018, 0.025, 0.013, 0.012, 0.005, 0.085, 0.006, 0.025, 0.018, 0.02, 0.01, 0.569]

True | LABEL: 16 PRED: 16 MAX: 0.487
[0.04, 0.018, 0.058, 0.018, 0.126, 0.033, 0.022, 0.021, 0.019, 0.012, 0.049, 0.011, 0.022, 0.021, 0.025, 0.018, 0.487]

True | LABEL: 0 PRED: 0 MAX: 0.516
[0.516, 0.011, 0.046, 0.016, 0.073, 0.046, 0.024, 0.013, 0.009, 0.017, 0.108, 0.013, 0.03, 0.021, 0.013, 0.01, 0.034]

True | LABEL: 2 PRED: 2 MAX: 0.127
[0.1, 0.022, 0.127, 0.054, 0.092, 0.093, 0.04, 0.072, 0.026, 0.02, 0.124, 0.028, 0.067, 0.035, 0.024, 0.023, 0.053]

False | LABEL: 7 PRED: 10 MAX: 0.123
[0.089, 0.041, 0.06, 0.064, 0.059, 0.097, 0.044, 0.068, 0.029, 0.036, 0.123, 0.046, 0.064, 0.05, 0.039, 0.034, 0.057]

False | LABEL: 3 PRED: 10 MAX: 0.113
[0.094, 0.032, 0.081, 0.07, 0.072, 0.085, 0.034, 0.075, 0.047, 0.042, 0.113, 0.043, 0.043, 0.058, 0.036, 0.03, 0.046]

False | LABEL: 1 PRED: 10 MAX: 0.201
[0.1, 0.048, 0.061, 0.03, 0.115, 0.048, 0.061, 0.03, 0.041, 0.038, 0.201, 0.035, 0.029, 0.028, 0.029, 0.023, 0.082]

False | LABEL: 4 PRED: 10 MAX: 0.168
[0.102, 0.043, 0.087, 0.032, 0.068, 0.062, 0.03, 0.047, 0.033, 0.024, 0.168, 0.035, 0.033, 0.046, 0.064, 0.023, 0.105]

True | LABEL: 0 PRED: 0 MAX: 0.171
[0.171, 0.033, 0.051, 0.04, 0.057, 0.102, 0.055, 0.053, 0.028, 0.027, 0.111, 0.017, 0.071, 0.051, 0.066, 0.023, 0.044]

False | LABEL: 12 PRED: 10 MAX: 0.166
[0.129, 0.019, 0.08, 0.027, 0.068, 0.13, 0.038, 0.036, 0.023, 0.025, 0.166, 0.038, 0.052, 0.045, 0.023, 0.015, 0.087]

False | LABEL: 2 PRED: 10 MAX: 0.18
[0.083, 0.03, 0.142, 0.043, 0.077, 0.047, 0.045, 0.035, 0.026, 0.035, 0.18, 0.024, 0.059, 0.036, 0.03, 0.026, 0.083]

True | LABEL: 5 PRED: 5 MAX: 0.168
[0.135, 0.018, 0.055, 0.032, 0.072, 0.168, 0.032, 0.054, 0.04, 0.038, 0.132, 0.024, 0.043, 0.062, 0.026, 0.016, 0.052]

False | LABEL: 4 PRED: 10 MAX: 0.303
[0.098, 0.018, 0.08, 0.033, 0.084, 0.054, 0.034, 0.049, 0.025, 0.031, 0.303, 0.021, 0.023, 0.024, 0.029, 0.011, 0.083]

True | LABEL: 0 PRED: 0 MAX: 0.393
[0.393, 0.022, 0.047, 0.03, 0.07, 0.058, 0.034, 0.023, 0.019, 0.02, 0.1, 0.019, 0.063, 0.022, 0.025, 0.017, 0.038]

True | LABEL: 16 PRED: 16 MAX: 0.378
[0.051, 0.02, 0.07, 0.027, 0.163, 0.034, 0.025, 0.023, 0.022, 0.011, 0.056, 0.014, 0.029, 0.025, 0.038, 0.014, 0.378]

----------------------------------------
False | LABEL: 4 PRED: 16 MAX: 0.325
[0.062, 0.026, 0.058, 0.02, 0.188, 0.047, 0.03, 0.018, 0.016, 0.016, 0.075, 0.018, 0.029, 0.023, 0.026, 0.021, 0.325]

False | LABEL: 2 PRED: 10 MAX: 0.175
[0.129, 0.031, 0.078, 0.039, 0.067, 0.072, 0.04, 0.055, 0.033, 0.023, 0.175, 0.027, 0.045, 0.031, 0.042, 0.032, 0.081]

False | LABEL: 5 PRED: 0 MAX: 0.204
[0.204, 0.024, 0.078, 0.022, 0.041, 0.09, 0.032, 0.091, 0.037, 0.023, 0.1, 0.027, 0.04, 0.024, 0.067, 0.023, 0.078]

False | LABEL: 6 PRED: 2 MAX: 0.107
[0.081, 0.025, 0.107, 0.049, 0.058, 0.07, 0.04, 0.08, 0.061, 0.026, 0.085, 0.035, 0.059, 0.047, 0.064, 0.033, 0.079]

True | LABEL: 10 PRED: 10 MAX: 0.231
[0.101, 0.027, 0.104, 0.032, 0.063, 0.073, 0.035, 0.033, 0.042, 0.022, 0.231, 0.024, 0.029, 0.043, 0.033, 0.032, 0.076]

False | LABEL: 12 PRED: 0 MAX: 0.199
[0.199, 0.031, 0.067, 0.046, 0.046, 0.092, 0.032, 0.072, 0.036, 0.027, 0.078, 0.028, 0.065, 0.048, 0.03, 0.037, 0.066]

True | LABEL: 0 PRED: 0 MAX: 0.223
[0.223, 0.013, 0.067, 0.038, 0.08, 0.101, 0.033, 0.046, 0.026, 0.039, 0.132, 0.029, 0.031, 0.029, 0.041, 0.025, 0.047]

True | LABEL: 10 PRED: 10 MAX: 0.155
[0.129, 0.04, 0.074, 0.05, 0.065, 0.079, 0.037, 0.045, 0.023, 0.024, 0.155, 0.024, 0.042, 0.037, 0.042, 0.029, 0.107]

True | LABEL: 10 PRED: 10 MAX: 0.208
[0.065, 0.05, 0.113, 0.033, 0.081, 0.048, 0.045, 0.05, 0.03, 0.04, 0.208, 0.025, 0.042, 0.024, 0.035, 0.028, 0.082]

True | LABEL: 0 PRED: 0 MAX: 0.194
[0.194, 0.016, 0.092, 0.024, 0.114, 0.064, 0.061, 0.04, 0.036, 0.027, 0.156, 0.022, 0.036, 0.023, 0.034, 0.019, 0.043]

True | LABEL: 0 PRED: 0 MAX: 0.326
[0.326, 0.019, 0.08, 0.036, 0.101, 0.048, 0.065, 0.023, 0.015, 0.02, 0.084, 0.024, 0.046, 0.017, 0.027, 0.023, 0.045]

True | LABEL: 16 PRED: 16 MAX: 0.344
[0.061, 0.017, 0.051, 0.031, 0.182, 0.036, 0.041, 0.017, 0.029, 0.019, 0.073, 0.014, 0.018, 0.022, 0.027, 0.018, 0.344]

----------------------------------------
True | LABEL: 16 PRED: 16 MAX: 0.491
[0.057, 0.015, 0.036, 0.024, 0.079, 0.035, 0.027, 0.019, 0.015, 0.009, 0.106, 0.009, 0.026, 0.019, 0.024, 0.009, 0.491]

True | LABEL: 16 PRED: 16 MAX: 0.387
[0.065, 0.011, 0.079, 0.03, 0.129, 0.034, 0.029, 0.021, 0.018, 0.016, 0.079, 0.014, 0.029, 0.02, 0.023, 0.016, 0.387]

True | LABEL: 0 PRED: 0 MAX: 0.416
[0.416, 0.016, 0.057, 0.032, 0.05, 0.07, 0.035, 0.022, 0.015, 0.015, 0.101, 0.016, 0.04, 0.032, 0.019, 0.012, 0.053]

False | LABEL: 6 PRED: 0 MAX: 0.19
[0.19, 0.022, 0.07, 0.027, 0.068, 0.055, 0.029, 0.063, 0.05, 0.013, 0.145, 0.037, 0.056, 0.016, 0.045, 0.014, 0.099]

True | LABEL: 10 PRED: 10 MAX: 0.252
[0.123, 0.02, 0.065, 0.025, 0.055, 0.06, 0.036, 0.059, 0.032, 0.019, 0.252, 0.016, 0.059, 0.021, 0.046, 0.012, 0.099]

True | LABEL: 0 PRED: 0 MAX: 0.378
[0.378, 0.027, 0.045, 0.036, 0.04, 0.046, 0.052, 0.037, 0.03, 0.032, 0.074, 0.023, 0.055, 0.039, 0.024, 0.022, 0.04]

True | LABEL: 5 PRED: 5 MAX: 0.237
[0.117, 0.031, 0.04, 0.057, 0.046, 0.237, 0.054, 0.044, 0.04, 0.026, 0.084, 0.02, 0.062, 0.06, 0.03, 0.014, 0.037]

False | LABEL: 12 PRED: 0 MAX: 0.135
[0.135, 0.037, 0.077, 0.035, 0.069, 0.08, 0.047, 0.044, 0.044, 0.051, 0.041, 0.037, 0.107, 0.05, 0.05, 0.057, 0.037]

False | LABEL: 12 PRED: 10 MAX: 0.114
[0.101, 0.04, 0.104, 0.075, 0.052, 0.063, 0.039, 0.069, 0.04, 0.038, 0.114, 0.055, 0.045, 0.025, 0.036, 0.026, 0.078]

False | LABEL: 2 PRED: 10 MAX: 0.224
[0.101, 0.02, 0.129, 0.034, 0.061, 0.062, 0.039, 0.032, 0.034, 0.025, 0.224, 0.021, 0.039, 0.037, 0.026, 0.021, 0.094]

False | LABEL: 7 PRED: 10 MAX: 0.12
[0.102, 0.029, 0.086, 0.045, 0.071, 0.09, 0.062, 0.099, 0.035, 0.026, 0.12, 0.039, 0.045, 0.047, 0.029, 0.017, 0.057]

False | LABEL: 1 PRED: 0 MAX: 0.104
[0.104, 0.05, 0.09, 0.046, 0.088, 0.08, 0.057, 0.058, 0.055, 0.034, 0.102, 0.029, 0.05, 0.033, 0.032, 0.035, 0.056]

True | LABEL: 10 PRED: 10 MAX: 0.183
[0.075, 0.026, 0.09, 0.039, 0.058, 0.057, 0.068, 0.038, 0.03, 0.022, 0.183, 0.03, 0.025, 0.048, 0.028, 0.022, 0.162]

False | LABEL: 9 PRED: 0 MAX: 0.136
[0.136, 0.039, 0.073, 0.043, 0.06, 0.073, 0.047, 0.074, 0.034, 0.036, 0.084, 0.04, 0.073, 0.066, 0.054, 0.02, 0.049]

False | LABEL: 14 PRED: 2 MAX: 0.167
[0.135, 0.048, 0.167, 0.053, 0.043, 0.06, 0.035, 0.048, 0.045, 0.019, 0.049, 0.023, 0.078, 0.053, 0.059, 0.028, 0.057]

False | LABEL: 14 PRED: 0 MAX: 0.121
[0.121, 0.025, 0.088, 0.074, 0.034, 0.078, 0.065, 0.055, 0.027, 0.016, 0.101, 0.027, 0.099, 0.046, 0.056, 0.026, 0.061]

False | LABEL: 2 PRED: 10 MAX: 0.14
[0.093, 0.032, 0.105, 0.07, 0.036, 0.088, 0.049, 0.05, 0.036, 0.024, 0.14, 0.029, 0.045, 0.041, 0.052, 0.043, 0.067]

False | LABEL: 3 PRED: 10 MAX: 0.095
[0.056, 0.038, 0.074, 0.082, 0.06, 0.088, 0.06, 0.051, 0.059, 0.05, 0.095, 0.03, 0.061, 0.066, 0.029, 0.029, 0.07]

False | LABEL: 1 PRED: 10 MAX: 0.115
[0.096, 0.04, 0.08, 0.092, 0.055, 0.07, 0.052, 0.056, 0.05, 0.052, 0.115, 0.031, 0.045, 0.045, 0.037, 0.032, 0.052]

False | LABEL: 12 PRED: 7 MAX: 0.097
[0.078, 0.022, 0.093, 0.076, 0.052, 0.078, 0.042, 0.097, 0.033, 0.038, 0.096, 0.031, 0.069, 0.038, 0.042, 0.025, 0.087]

False | LABEL: 14 PRED: 0 MAX: 0.112
[0.112, 0.045, 0.085, 0.053, 0.058, 0.067, 0.046, 0.061, 0.052, 0.035, 0.091, 0.022, 0.064, 0.036, 0.08, 0.026, 0.067]

False | LABEL: 5 PRED: 10 MAX: 0.146
[0.093, 0.031, 0.095, 0.05, 0.041, 0.122, 0.037, 0.056, 0.035, 0.045, 0.146, 0.019, 0.044, 0.028, 0.043, 0.021, 0.096]

True | LABEL: 0 PRED: 0 MAX: 0.227
[0.227, 0.023, 0.099, 0.063, 0.048, 0.09, 0.037, 0.052, 0.023, 0.029, 0.055, 0.021, 0.052, 0.044, 0.063, 0.019, 0.056]

True | LABEL: 5 PRED: 5 MAX: 0.185
[0.172, 0.02, 0.049, 0.074, 0.039, 0.185, 0.043, 0.06, 0.032, 0.024, 0.118, 0.018, 0.037, 0.044, 0.025, 0.015, 0.044]

False | LABEL: 12 PRED: 0 MAX: 0.193
[0.193, 0.022, 0.055, 0.045, 0.048, 0.097, 0.056, 0.062, 0.042, 0.023, 0.085, 0.028, 0.08, 0.061, 0.05, 0.024, 0.029]

False | LABEL: 3 PRED: 0 MAX: 0.167
[0.167, 0.033, 0.105, 0.049, 0.052, 0.053, 0.059, 0.044, 0.039, 0.028, 0.138, 0.034, 0.046, 0.033, 0.037, 0.019, 0.065]

True | LABEL: 10 PRED: 10 MAX: 0.176
[0.101, 0.025, 0.126, 0.033, 0.086, 0.042, 0.037, 0.043, 0.04, 0.021, 0.176, 0.037, 0.039, 0.047, 0.03, 0.024, 0.094]

True | LABEL: 0 PRED: 0 MAX: 0.28
[0.28, 0.029, 0.047, 0.032, 0.059, 0.054, 0.039, 0.046, 0.042, 0.018, 0.137, 0.016, 0.026, 0.019, 0.027, 0.035, 0.095]

False | LABEL: 4 PRED: 10 MAX: 0.211
[0.122, 0.033, 0.053, 0.024, 0.099, 0.059, 0.051, 0.038, 0.034, 0.018, 0.211, 0.022, 0.033, 0.027, 0.029, 0.025, 0.121]

True | LABEL: 16 PRED: 16 MAX: 0.533
[0.034, 0.012, 0.033, 0.026, 0.039, 0.025, 0.019, 0.02, 0.021, 0.006, 0.152, 0.011, 0.025, 0.013, 0.023, 0.009, 0.533]

True | LABEL: 0 PRED: 0 MAX: 0.274
[0.274, 0.024, 0.073, 0.034, 0.053, 0.055, 0.047, 0.036, 0.026, 0.027, 0.103, 0.036, 0.051, 0.02, 0.042, 0.025, 0.072]

----------------------------------------
True | LABEL: 16 PRED: 16 MAX: 0.372
[0.109, 0.018, 0.051, 0.026, 0.102, 0.03, 0.018, 0.016, 0.016, 0.009, 0.136, 0.016, 0.029, 0.024, 0.017, 0.011, 0.372]

True | LABEL: 16 PRED: 16 MAX: 0.468
[0.05, 0.013, 0.044, 0.016, 0.155, 0.031, 0.016, 0.013, 0.015, 0.01, 0.073, 0.01, 0.022, 0.027, 0.027, 0.009, 0.468]

True | LABEL: 0 PRED: 0 MAX: 0.315
[0.315, 0.018, 0.06, 0.033, 0.069, 0.104, 0.035, 0.025, 0.012, 0.024, 0.124, 0.025, 0.054, 0.028, 0.02, 0.018, 0.034]

False | LABEL: 4 PRED: 16 MAX: 0.336
[0.07, 0.015, 0.05, 0.024, 0.219, 0.04, 0.023, 0.016, 0.017, 0.01, 0.078, 0.014, 0.037, 0.02, 0.019, 0.012, 0.336]

False | LABEL: 5 PRED: 2 MAX: 0.236
[0.121, 0.013, 0.236, 0.042, 0.043, 0.103, 0.03, 0.049, 0.024, 0.028, 0.107, 0.026, 0.04, 0.065, 0.024, 0.023, 0.026]

False | LABEL: 12 PRED: 0 MAX: 0.154
[0.154, 0.024, 0.15, 0.061, 0.048, 0.089, 0.021, 0.038, 0.03, 0.044, 0.091, 0.021, 0.101, 0.041, 0.028, 0.015, 0.044]

False | LABEL: 6 PRED: 10 MAX: 0.154
[0.123, 0.044, 0.105, 0.046, 0.103, 0.062, 0.055, 0.044, 0.04, 0.034, 0.154, 0.026, 0.041, 0.028, 0.024, 0.019, 0.052]

True | LABEL: 0 PRED: 0 MAX: 0.402
[0.402, 0.015, 0.058, 0.033, 0.072, 0.055, 0.038, 0.025, 0.023, 0.018, 0.103, 0.018, 0.044, 0.017, 0.035, 0.017, 0.028]

False | LABEL: 5 PRED: 10 MAX: 0.17
[0.133, 0.032, 0.105, 0.038, 0.061, 0.096, 0.033, 0.045, 0.048, 0.031, 0.17, 0.029, 0.031, 0.04, 0.034, 0.017, 0.056]

False | LABEL: 12 PRED: 5 MAX: 0.131
[0.102, 0.023, 0.122, 0.053, 0.065, 0.131, 0.032, 0.045, 0.054, 0.039, 0.104, 0.036, 0.056, 0.048, 0.034, 0.018, 0.041]

False | LABEL: 3 PRED: 5 MAX: 0.127
[0.098, 0.032, 0.098, 0.074, 0.063, 0.127, 0.036, 0.076, 0.051, 0.026, 0.1, 0.02, 0.048, 0.06, 0.033, 0.017, 0.041]

False | LABEL: 6 PRED: 10 MAX: 0.166
[0.145, 0.027, 0.091, 0.06, 0.051, 0.071, 0.026, 0.054, 0.069, 0.021, 0.166, 0.018, 0.043, 0.04, 0.047, 0.021, 0.049]

False | LABEL: 10 PRED: 0 MAX: 0.17
[0.17, 0.03, 0.088, 0.038, 0.05, 0.106, 0.037, 0.047, 0.077, 0.027, 0.144, 0.017, 0.035, 0.031, 0.042, 0.02, 0.04]

False | LABEL: 6 PRED: 10 MAX: 0.137
[0.093, 0.034, 0.106, 0.062, 0.059, 0.103, 0.06, 0.057, 0.042, 0.045, 0.137, 0.033, 0.059, 0.032, 0.027, 0.021, 0.032]

False | LABEL: 10 PRED: 2 MAX: 0.152
[0.117, 0.024, 0.152, 0.035, 0.081, 0.091, 0.044, 0.044, 0.029, 0.016, 0.131, 0.029, 0.047, 0.047, 0.045, 0.018, 0.049]

False | LABEL: 9 PRED: 0 MAX: 0.148
[0.148, 0.025, 0.092, 0.049, 0.072, 0.102, 0.031, 0.071, 0.036, 0.023, 0.066, 0.034, 0.087, 0.054, 0.039, 0.02, 0.05]

True | LABEL: 2 PRED: 2 MAX: 0.153
[0.125, 0.044, 0.153, 0.039, 0.038, 0.071, 0.042, 0.059, 0.049, 0.05, 0.114, 0.022, 0.036, 0.021, 0.046, 0.024, 0.067]

True | LABEL: 10 PRED: 10 MAX: 0.173
[0.069, 0.046, 0.12, 0.043, 0.094, 0.048, 0.044, 0.034, 0.041, 0.025, 0.173, 0.039, 0.026, 0.041, 0.033, 0.027, 0.099]

False | LABEL: 9 PRED: 0 MAX: 0.134
[0.134, 0.034, 0.093, 0.03, 0.068, 0.093, 0.041, 0.062, 0.028, 0.029, 0.118, 0.039, 0.07, 0.035, 0.063, 0.026, 0.034]

True | LABEL: 10 PRED: 10 MAX: 0.211
[0.163, 0.029, 0.09, 0.027, 0.054, 0.057, 0.04, 0.042, 0.035, 0.018, 0.211, 0.03, 0.032, 0.024, 0.033, 0.02, 0.094]

False | LABEL: 8 PRED: 0 MAX: 0.279
[0.279, 0.02, 0.075, 0.05, 0.054, 0.072, 0.038, 0.026, 0.026, 0.02, 0.104, 0.017, 0.056, 0.037, 0.033, 0.021, 0.073]

True | LABEL: 2 PRED: 2 MAX: 0.167
[0.093, 0.022, 0.167, 0.042, 0.05, 0.104, 0.038, 0.036, 0.04, 0.045, 0.131, 0.049, 0.054, 0.034, 0.027, 0.027, 0.038]

False | LABEL: 3 PRED: 0 MAX: 0.141
[0.141, 0.022, 0.092, 0.08, 0.041, 0.088, 0.028, 0.065, 0.051, 0.045, 0.102, 0.023, 0.07, 0.039, 0.044, 0.031, 0.039]

False | LABEL: 6 PRED: 10 MAX: 0.135
[0.076, 0.039, 0.096, 0.047, 0.104, 0.047, 0.07, 0.042, 0.047, 0.026, 0.135, 0.047, 0.076, 0.037, 0.039, 0.024, 0.046]

True | LABEL: 10 PRED: 10 MAX: 0.248
[0.137, 0.019, 0.081, 0.034, 0.058, 0.047, 0.025, 0.042, 0.03, 0.022, 0.248, 0.017, 0.053, 0.03, 0.036, 0.026, 0.096]

True | LABEL: 0 PRED: 0 MAX: 0.343
[0.343, 0.015, 0.083, 0.036, 0.076, 0.061, 0.044, 0.027, 0.019, 0.026, 0.074, 0.02, 0.06, 0.019, 0.046, 0.018, 0.032]

False | LABEL: 2 PRED: 0 MAX: 0.169
[0.169, 0.031, 0.107, 0.05, 0.046, 0.09, 0.024, 0.029, 0.023, 0.021, 0.153, 0.028, 0.051, 0.056, 0.05, 0.016, 0.055]

False | LABEL: 5 PRED: 10 MAX: 0.202
[0.173, 0.015, 0.086, 0.038, 0.061, 0.074, 0.039, 0.029, 0.022, 0.022, 0.202, 0.035, 0.066, 0.025, 0.029, 0.014, 0.07]

----------------------------------------
True | LABEL: 16 PRED: 16 MAX: 0.463
[0.07, 0.018, 0.034, 0.022, 0.09, 0.032, 0.031, 0.016, 0.016, 0.009, 0.116, 0.013, 0.027, 0.019, 0.016, 0.009, 0.463]

True | LABEL: 16 PRED: 16 MAX: 0.484
[0.054, 0.019, 0.039, 0.021, 0.114, 0.031, 0.025, 0.022, 0.014, 0.011, 0.073, 0.011, 0.025, 0.024, 0.017, 0.014, 0.484]

True | LABEL: 0 PRED: 0 MAX: 0.417
[0.417, 0.012, 0.065, 0.024, 0.063, 0.046, 0.026, 0.018, 0.014, 0.021, 0.127, 0.018, 0.041, 0.025, 0.014, 0.008, 0.06]

False | LABEL: 12 PRED: 2 MAX: 0.181
[0.093, 0.026, 0.181, 0.057, 0.078, 0.073, 0.027, 0.046, 0.046, 0.034, 0.073, 0.026, 0.075, 0.047, 0.037, 0.026, 0.053]

True | LABEL: 5 PRED: 5 MAX: 0.149
[0.11, 0.023, 0.062, 0.042, 0.046, 0.149, 0.033, 0.047, 0.044, 0.043, 0.101, 0.028, 0.104, 0.071, 0.021, 0.016, 0.061]

True | LABEL: 2 PRED: 2 MAX: 0.15
[0.123, 0.027, 0.15, 0.076, 0.051, 0.06, 0.038, 0.066, 0.038, 0.021, 0.118, 0.033, 0.039, 0.046, 0.03, 0.032, 0.053]

False | LABEL: 5 PRED: 10 MAX: 0.164
[0.126, 0.039, 0.085, 0.062, 0.07, 0.094, 0.029, 0.065, 0.031, 0.031, 0.164, 0.025, 0.036, 0.031, 0.04, 0.025, 0.048]

True | LABEL: 0 PRED: 0 MAX: 0.19
[0.19, 0.025, 0.067, 0.033, 0.087, 0.094, 0.066, 0.058, 0.023, 0.03, 0.06, 0.047, 0.057, 0.037, 0.031, 0.032, 0.063]

False | LABEL: 4 PRED: 10 MAX: 0.227
[0.136, 0.02, 0.079, 0.057, 0.072, 0.05, 0.055, 0.055, 0.031, 0.026, 0.227, 0.027, 0.031, 0.02, 0.025, 0.014, 0.075]

False | LABEL: 4 PRED: 10 MAX: 0.157
[0.114, 0.037, 0.071, 0.044, 0.076, 0.074, 0.076, 0.065, 0.033, 0.053, 0.157, 0.037, 0.034, 0.029, 0.032, 0.019, 0.049]

False | LABEL: 4 PRED: 0 MAX: 0.163
[0.163, 0.021, 0.048, 0.059, 0.064, 0.102, 0.032, 0.082, 0.042, 0.042, 0.114, 0.023, 0.06, 0.044, 0.037, 0.014, 0.054]

False | LABEL: 2 PRED: 10 MAX: 0.197
[0.174, 0.013, 0.084, 0.028, 0.069, 0.056, 0.04, 0.039, 0.034, 0.031, 0.197, 0.03, 0.043, 0.03, 0.039, 0.025, 0.069]

False | LABEL: 2 PRED: 10 MAX: 0.169
[0.149, 0.021, 0.128, 0.029, 0.051, 0.064, 0.058, 0.049, 0.027, 0.027, 0.169, 0.04, 0.031, 0.031, 0.036, 0.019, 0.07]

True | LABEL: 10 PRED: 10 MAX: 0.236
[0.148, 0.028, 0.08, 0.028, 0.053, 0.057, 0.06, 0.047, 0.025, 0.029, 0.236, 0.026, 0.034, 0.026, 0.036, 0.014, 0.077]

False | LABEL: 7 PRED: 10 MAX: 0.205
[0.117, 0.026, 0.068, 0.029, 0.085, 0.081, 0.043, 0.047, 0.034, 0.025, 0.205, 0.032, 0.042, 0.037, 0.037, 0.033, 0.06]

True | LABEL: 10 PRED: 10 MAX: 0.348
[0.12, 0.022, 0.069, 0.043, 0.054, 0.041, 0.028, 0.033, 0.026, 0.012, 0.348, 0.017, 0.038, 0.024, 0.015, 0.021, 0.09]

True | LABEL: 0 PRED: 0 MAX: 0.297
[0.297, 0.022, 0.069, 0.024, 0.059, 0.1, 0.041, 0.028, 0.015, 0.023, 0.117, 0.026, 0.058, 0.029, 0.027, 0.011, 0.05]

False | LABEL: 3 PRED: 10 MAX: 0.117
[0.093, 0.029, 0.073, 0.07, 0.11, 0.107, 0.044, 0.057, 0.043, 0.024, 0.117, 0.022, 0.05, 0.036, 0.03, 0.014, 0.081]

True | LABEL: 10 PRED: 10 MAX: 0.248
[0.08, 0.035, 0.087, 0.041, 0.057, 0.072, 0.069, 0.033, 0.027, 0.024, 0.248, 0.027, 0.044, 0.021, 0.034, 0.02, 0.082]

False | LABEL: 7 PRED: 2 MAX: 0.127
[0.084, 0.044, 0.127, 0.062, 0.058, 0.095, 0.045, 0.05, 0.038, 0.032, 0.126, 0.028, 0.038, 0.026, 0.033, 0.023, 0.09]

False | LABEL: 3 PRED: 10 MAX: 0.182
[0.086, 0.032, 0.08, 0.082, 0.085, 0.06, 0.039, 0.049, 0.037, 0.033, 0.182, 0.026, 0.042, 0.025, 0.031, 0.011, 0.1]

False | LABEL: 2 PRED: 10 MAX: 0.197
[0.058, 0.024, 0.148, 0.038, 0.081, 0.075, 0.042, 0.037, 0.059, 0.023, 0.197, 0.024, 0.033, 0.034, 0.029, 0.025, 0.074]

True | LABEL: 10 PRED: 10 MAX: 0.165
[0.135, 0.027, 0.132, 0.045, 0.062, 0.083, 0.052, 0.039, 0.031, 0.024, 0.165, 0.026, 0.03, 0.03, 0.036, 0.015, 0.069]

False | LABEL: 7 PRED: 0 MAX: 0.145
[0.145, 0.026, 0.093, 0.053, 0.08, 0.063, 0.045, 0.053, 0.044, 0.025, 0.133, 0.05, 0.037, 0.031, 0.039, 0.026, 0.058]

False | LABEL: 16 PRED: 10 MAX: 0.184
[0.159, 0.016, 0.061, 0.022, 0.078, 0.067, 0.031, 0.046, 0.021, 0.02, 0.184, 0.022, 0.027, 0.031, 0.026, 0.018, 0.171]

True | LABEL: 0 PRED: 0 MAX: 0.327
[0.327, 0.017, 0.069, 0.029, 0.064, 0.053, 0.034, 0.027, 0.029, 0.028, 0.103, 0.019, 0.055, 0.033, 0.036, 0.015, 0.063]

True | LABEL: 16 PRED: 16 MAX: 0.471
[0.056, 0.018, 0.049, 0.03, 0.044, 0.03, 0.023, 0.028, 0.014, 0.008, 0.132, 0.016, 0.029, 0.017, 0.025, 0.011, 0.471]

True | LABEL: 0 PRED: 0 MAX: 0.279
[0.279, 0.03, 0.087, 0.024, 0.057, 0.06, 0.048, 0.042, 0.024, 0.022, 0.097, 0.041, 0.047, 0.019, 0.043, 0.023, 0.057]

----------------------------------------
True | LABEL: 16 PRED: 16 MAX: 0.443
[0.058, 0.022, 0.052, 0.023, 0.067, 0.046, 0.022, 0.021, 0.017, 0.006, 0.149, 0.008, 0.017, 0.021, 0.015, 0.013, 0.443]

True | LABEL: 16 PRED: 16 MAX: 0.475
[0.052, 0.016, 0.042, 0.027, 0.143, 0.028, 0.025, 0.02, 0.013, 0.012, 0.059, 0.011, 0.024, 0.018, 0.023, 0.013, 0.475]

True | LABEL: 0 PRED: 0 MAX: 0.443
[0.443, 0.013, 0.052, 0.026, 0.05, 0.058, 0.032, 0.022, 0.022, 0.021, 0.123, 0.013, 0.031, 0.021, 0.023, 0.014, 0.036]

False | LABEL: 5 PRED: 10 MAX: 0.161
[0.139, 0.019, 0.083, 0.043, 0.073, 0.121, 0.033, 0.042, 0.036, 0.02, 0.161, 0.023, 0.057, 0.034, 0.034, 0.016, 0.066]

False | LABEL: 7 PRED: 0 MAX: 0.171
[0.171, 0.039, 0.082, 0.039, 0.073, 0.068, 0.052, 0.063, 0.014, 0.014, 0.121, 0.019, 0.047, 0.058, 0.032, 0.03, 0.077]

False | LABEL: 5 PRED: 10 MAX: 0.218
[0.07, 0.037, 0.089, 0.024, 0.047, 0.13, 0.048, 0.029, 0.023, 0.017, 0.218, 0.028, 0.033, 0.046, 0.017, 0.017, 0.128]

False | LABEL: 4 PRED: 16 MAX: 0.347
[0.078, 0.012, 0.059, 0.023, 0.165, 0.046, 0.044, 0.014, 0.02, 0.01, 0.082, 0.016, 0.019, 0.029, 0.022, 0.015, 0.347]

True | LABEL: 16 PRED: 16 MAX: 0.544
[0.04, 0.013, 0.032, 0.02, 0.059, 0.033, 0.026, 0.014, 0.015, 0.009, 0.088, 0.008, 0.033, 0.024, 0.029, 0.011, 0.544]

----------------------------------------
False | LABEL: 3 PRED: 0 MAX: 0.147
[0.147, 0.03, 0.067, 0.064, 0.034, 0.098, 0.05, 0.073, 0.044, 0.027, 0.137, 0.034, 0.038, 0.048, 0.042, 0.03, 0.039]

False | LABEL: 10 PRED: 0 MAX: 0.163
[0.163, 0.027, 0.102, 0.057, 0.037, 0.07, 0.065, 0.06, 0.052, 0.02, 0.128, 0.038, 0.049, 0.029, 0.037, 0.03, 0.036]

False | LABEL: 9 PRED: 10 MAX: 0.141
[0.108, 0.037, 0.048, 0.034, 0.041, 0.121, 0.035, 0.068, 0.049, 0.026, 0.141, 0.032, 0.085, 0.037, 0.066, 0.032, 0.042]

False | LABEL: 5 PRED: 10 MAX: 0.176
[0.131, 0.028, 0.062, 0.05, 0.039, 0.1, 0.035, 0.044, 0.035, 0.027, 0.176, 0.029, 0.057, 0.038, 0.05, 0.044, 0.056]

False | LABEL: 5 PRED: 10 MAX: 0.15
[0.145, 0.02, 0.049, 0.05, 0.047, 0.147, 0.047, 0.055, 0.047, 0.029, 0.15, 0.019, 0.052, 0.041, 0.044, 0.014, 0.044]

False | LABEL: 2 PRED: 0 MAX: 0.137
[0.137, 0.027, 0.079, 0.057, 0.049, 0.105, 0.046, 0.058, 0.045, 0.022, 0.097, 0.057, 0.051, 0.052, 0.049, 0.027, 0.042]

False | LABEL: 2 PRED: 0 MAX: 0.134
[0.134, 0.027, 0.093, 0.051, 0.034, 0.104, 0.046, 0.047, 0.046, 0.025, 0.129, 0.033, 0.071, 0.035, 0.044, 0.022, 0.059]

False | LABEL: 2 PRED: 10 MAX: 0.12
[0.118, 0.024, 0.109, 0.08, 0.049, 0.103, 0.065, 0.057, 0.04, 0.021, 0.12, 0.025, 0.051, 0.029, 0.042, 0.017, 0.05]

False | LABEL: 6 PRED: 10 MAX: 0.103
[0.102, 0.026, 0.084, 0.067, 0.039, 0.097, 0.051, 0.1, 0.044, 0.04, 0.103, 0.039, 0.033, 0.054, 0.06, 0.02, 0.039]

False | LABEL: 9 PRED: 0 MAX: 0.131
[0.131, 0.041, 0.069, 0.043, 0.075, 0.078, 0.059, 0.073, 0.03, 0.03, 0.091, 0.042, 0.085, 0.056, 0.04, 0.017, 0.041]

False | LABEL: 6 PRED: 0 MAX: 0.149
[0.149, 0.05, 0.071, 0.058, 0.053, 0.134, 0.041, 0.069, 0.045, 0.026, 0.072, 0.024, 0.04, 0.035, 0.076, 0.027, 0.031]

False | LABEL: 10 PRED: 0 MAX: 0.159
[0.159, 0.03, 0.062, 0.051, 0.067, 0.086, 0.083, 0.031, 0.032, 0.02, 0.138, 0.023, 0.037, 0.05, 0.06, 0.022, 0.052]

False | LABEL: 8 PRED: 10 MAX: 0.161
[0.152, 0.031, 0.077, 0.033, 0.043, 0.056, 0.052, 0.024, 0.026, 0.032, 0.161, 0.025, 0.055, 0.021, 0.085, 0.022, 0.104]

----------------------------------------
False | LABEL: 12 PRED: 6 MAX: 0.108
[0.064, 0.034, 0.081, 0.063, 0.033, 0.098, 0.108, 0.032, 0.037, 0.052, 0.059, 0.052, 0.074, 0.086, 0.046, 0.027, 0.052]

False | LABEL: 2 PRED: 10 MAX: 0.174
[0.115, 0.028, 0.097, 0.051, 0.066, 0.064, 0.05, 0.034, 0.037, 0.021, 0.174, 0.045, 0.033, 0.054, 0.036, 0.029, 0.067]

True | LABEL: 0 PRED: 0 MAX: 0.199
[0.199, 0.024, 0.057, 0.051, 0.027, 0.125, 0.058, 0.047, 0.034, 0.026, 0.086, 0.021, 0.055, 0.073, 0.037, 0.034, 0.045]

False | LABEL: 14 PRED: 0 MAX: 0.141
[0.141, 0.037, 0.069, 0.031, 0.044, 0.119, 0.035, 0.034, 0.047, 0.036, 0.083, 0.037, 0.064, 0.053, 0.089, 0.032, 0.048]

False | LABEL: 12 PRED: 2 MAX: 0.114
[0.102, 0.018, 0.114, 0.052, 0.049, 0.095, 0.036, 0.043, 0.043, 0.029, 0.103, 0.032, 0.076, 0.095, 0.047, 0.026, 0.039]

False | LABEL: 6 PRED: 0 MAX: 0.144
[0.144, 0.021, 0.111, 0.051, 0.052, 0.106, 0.035, 0.033, 0.029, 0.021, 0.138, 0.04, 0.061, 0.027, 0.047, 0.017, 0.065]

----------------------------------------
False | LABEL: 4 PRED: 10 MAX: 0.169
[0.165, 0.02, 0.071, 0.024, 0.093, 0.042, 0.041, 0.044, 0.024, 0.041, 0.169, 0.018, 0.071, 0.015, 0.036, 0.027, 0.098]

False | LABEL: 4 PRED: 10 MAX: 0.18
[0.116, 0.02, 0.051, 0.045, 0.07, 0.078, 0.044, 0.032, 0.047, 0.035, 0.18, 0.033, 0.047, 0.026, 0.037, 0.018, 0.124]

False | LABEL: 4 PRED: 10 MAX: 0.231
[0.096, 0.031, 0.137, 0.028, 0.048, 0.044, 0.039, 0.021, 0.053, 0.029, 0.231, 0.022, 0.049, 0.023, 0.023, 0.014, 0.113]

False | LABEL: 4 PRED: 10 MAX: 0.231
[0.112, 0.023, 0.083, 0.037, 0.061, 0.048, 0.039, 0.035, 0.051, 0.03, 0.231, 0.018, 0.041, 0.012, 0.048, 0.03, 0.101]

False | LABEL: 4 PRED: 10 MAX: 0.252
[0.105, 0.035, 0.051, 0.036, 0.083, 0.043, 0.042, 0.037, 0.023, 0.017, 0.252, 0.015, 0.059, 0.02, 0.03, 0.015, 0.137]

False | LABEL: 4 PRED: 10 MAX: 0.225
[0.148, 0.027, 0.054, 0.039, 0.072, 0.05, 0.034, 0.042, 0.041, 0.019, 0.225, 0.024, 0.04, 0.026, 0.023, 0.019, 0.117]

False | LABEL: 8 PRED: 10 MAX: 0.167
[0.148, 0.025, 0.062, 0.052, 0.137, 0.054, 0.053, 0.021, 0.032, 0.022, 0.167, 0.028, 0.031, 0.02, 0.026, 0.017, 0.105]

False | LABEL: 2 PRED: 10 MAX: 0.198
[0.119, 0.022, 0.135, 0.04, 0.064, 0.079, 0.03, 0.037, 0.025, 0.022, 0.198, 0.022, 0.037, 0.025, 0.028, 0.031, 0.086]

False | LABEL: 13 PRED: 0 MAX: 0.12
[0.12, 0.019, 0.102, 0.05, 0.059, 0.118, 0.038, 0.038, 0.049, 0.035, 0.119, 0.04, 0.061, 0.043, 0.034, 0.02, 0.055]

False | LABEL: 2 PRED: 10 MAX: 0.186
[0.14, 0.029, 0.074, 0.044, 0.079, 0.089, 0.046, 0.036, 0.043, 0.029, 0.186, 0.042, 0.041, 0.029, 0.024, 0.016, 0.053]

True | LABEL: 10 PRED: 10 MAX: 0.243
[0.129, 0.026, 0.103, 0.019, 0.057, 0.053, 0.073, 0.025, 0.03, 0.025, 0.243, 0.019, 0.046, 0.029, 0.027, 0.018, 0.079]

False | LABEL: 7 PRED: 0 MAX: 0.165
[0.165, 0.015, 0.081, 0.033, 0.104, 0.099, 0.034, 0.042, 0.025, 0.032, 0.124, 0.031, 0.062, 0.022, 0.04, 0.016, 0.077]

True | LABEL: 4 PRED: 4 MAX: 0.182
[0.099, 0.027, 0.134, 0.037, 0.182, 0.046, 0.043, 0.024, 0.035, 0.022, 0.105, 0.033, 0.034, 0.038, 0.016, 0.02, 0.105]

False | LABEL: 6 PRED: 0 MAX: 0.151
[0.151, 0.046, 0.079, 0.023, 0.075, 0.053, 0.047, 0.031, 0.029, 0.037, 0.149, 0.029, 0.04, 0.021, 0.062, 0.015, 0.112]

True | LABEL: 16 PRED: 16 MAX: 0.394
[0.062, 0.019, 0.036, 0.021, 0.056, 0.028, 0.024, 0.022, 0.026, 0.013, 0.168, 0.016, 0.041, 0.027, 0.033, 0.013, 0.394]

----------------------------------------
False | LABEL: 6 PRED: 10 MAX: 0.151
[0.084, 0.021, 0.09, 0.073, 0.07, 0.078, 0.047, 0.047, 0.03, 0.047, 0.151, 0.036, 0.042, 0.04, 0.037, 0.031, 0.076]

True | LABEL: 10 PRED: 10 MAX: 0.24
[0.107, 0.02, 0.082, 0.045, 0.051, 0.046, 0.048, 0.043, 0.038, 0.038, 0.24, 0.024, 0.037, 0.051, 0.047, 0.033, 0.05]

False | LABEL: 2 PRED: 10 MAX: 0.183
[0.089, 0.02, 0.116, 0.039, 0.045, 0.081, 0.085, 0.044, 0.035, 0.041, 0.183, 0.033, 0.048, 0.027, 0.03, 0.022, 0.061]

True | LABEL: 10 PRED: 10 MAX: 0.248
[0.134, 0.028, 0.076, 0.045, 0.075, 0.065, 0.043, 0.025, 0.016, 0.034, 0.248, 0.04, 0.026, 0.028, 0.027, 0.018, 0.072]

True | LABEL: 0 PRED: 0 MAX: 0.208
[0.208, 0.02, 0.088, 0.031, 0.08, 0.073, 0.067, 0.042, 0.028, 0.032, 0.11, 0.032, 0.067, 0.021, 0.037, 0.025, 0.039]

False | LABEL: 6 PRED: 10 MAX: 0.179
[0.104, 0.028, 0.104, 0.046, 0.08, 0.039, 0.052, 0.031, 0.038, 0.032, 0.179, 0.026, 0.058, 0.034, 0.041, 0.03, 0.076]

False | LABEL: 0 PRED: 10 MAX: 0.175
[0.092, 0.031, 0.057, 0.049, 0.053, 0.071, 0.043, 0.041, 0.07, 0.04, 0.175, 0.03, 0.076, 0.033, 0.053, 0.024, 0.063]

True | LABEL: 10 PRED: 10 MAX: 0.128
[0.115, 0.026, 0.092, 0.054, 0.07, 0.054, 0.038, 0.045, 0.024, 0.045, 0.128, 0.031, 0.046, 0.045, 0.062, 0.026, 0.099]

False | LABEL: 3 PRED: 10 MAX: 0.16
[0.132, 0.026, 0.094, 0.041, 0.107, 0.072, 0.038, 0.033, 0.055, 0.032, 0.16, 0.024, 0.039, 0.026, 0.034, 0.015, 0.07]

False | LABEL: 6 PRED: 10 MAX: 0.214
[0.101, 0.037, 0.098, 0.031, 0.097, 0.053, 0.037, 0.031, 0.032, 0.028, 0.214, 0.025, 0.039, 0.03, 0.035, 0.023, 0.088]

True | LABEL: 10 PRED: 10 MAX: 0.208
[0.152, 0.025, 0.065, 0.037, 0.082, 0.033, 0.052, 0.042, 0.033, 0.031, 0.208, 0.03, 0.042, 0.024, 0.047, 0.025, 0.071]

False | LABEL: 6 PRED: 0 MAX: 0.208
[0.208, 0.021, 0.079, 0.045, 0.082, 0.051, 0.031, 0.032, 0.04, 0.028, 0.18, 0.036, 0.035, 0.025, 0.029, 0.018, 0.058]

False | LABEL: 6 PRED: 10 MAX: 0.239
[0.118, 0.018, 0.08, 0.047, 0.09, 0.05, 0.04, 0.042, 0.033, 0.035, 0.239, 0.034, 0.035, 0.024, 0.032, 0.023, 0.058]

True | LABEL: 10 PRED: 10 MAX: 0.176
[0.136, 0.015, 0.133, 0.019, 0.091, 0.084, 0.033, 0.027, 0.021, 0.039, 0.176, 0.028, 0.041, 0.017, 0.03, 0.02, 0.088]

False | LABEL: 2 PRED: 10 MAX: 0.186
[0.081, 0.029, 0.108, 0.044, 0.058, 0.107, 0.041, 0.027, 0.043, 0.037, 0.186, 0.033, 0.051, 0.033, 0.033, 0.03, 0.058]

False | LABEL: 7 PRED: 10 MAX: 0.19
[0.072, 0.026, 0.101, 0.054, 0.054, 0.105, 0.052, 0.049, 0.044, 0.052, 0.19, 0.029, 0.038, 0.019, 0.036, 0.033, 0.047]

False | LABEL: 6 PRED: 10 MAX: 0.198
[0.12, 0.022, 0.104, 0.037, 0.101, 0.06, 0.049, 0.029, 0.036, 0.023, 0.198, 0.021, 0.04, 0.02, 0.043, 0.02, 0.078]

True | LABEL: 10 PRED: 10 MAX: 0.298
[0.109, 0.01, 0.073, 0.033, 0.074, 0.045, 0.058, 0.031, 0.025, 0.033, 0.298, 0.023, 0.04, 0.022, 0.036, 0.02, 0.07]

False | LABEL: 3 PRED: 0 MAX: 0.265
[0.265, 0.017, 0.067, 0.027, 0.086, 0.061, 0.028, 0.027, 0.035, 0.025, 0.145, 0.024, 0.044, 0.024, 0.042, 0.012, 0.07]

False | LABEL: 16 PRED: 10 MAX: 0.23
[0.163, 0.019, 0.072, 0.03, 0.054, 0.038, 0.037, 0.023, 0.037, 0.018, 0.23, 0.017, 0.043, 0.028, 0.09, 0.018, 0.083]

True | LABEL: 0 PRED: 0 MAX: 0.374
[0.374, 0.019, 0.044, 0.029, 0.047, 0.077, 0.039, 0.02, 0.021, 0.026, 0.089, 0.02, 0.058, 0.032, 0.047, 0.012, 0.045]

----------------------------------------
False | LABEL: 4 PRED: 10 MAX: 0.142
[0.109, 0.044, 0.084, 0.072, 0.055, 0.093, 0.037, 0.05, 0.037, 0.037, 0.142, 0.028, 0.069, 0.018, 0.027, 0.022, 0.076]

False | LABEL: 12 PRED: 0 MAX: 0.211
[0.211, 0.015, 0.067, 0.055, 0.046, 0.09, 0.028, 0.056, 0.032, 0.023, 0.13, 0.024, 0.072, 0.043, 0.043, 0.022, 0.043]

False | LABEL: 3 PRED: 0 MAX: 0.187
[0.187, 0.02, 0.071, 0.067, 0.056, 0.078, 0.031, 0.066, 0.055, 0.022, 0.103, 0.026, 0.044, 0.053, 0.038, 0.017, 0.065]

False | LABEL: 10 PRED: 0 MAX: 0.19
[0.19, 0.027, 0.119, 0.034, 0.061, 0.042, 0.043, 0.033, 0.035, 0.016, 0.157, 0.032, 0.036, 0.024, 0.036, 0.026, 0.087]

True | LABEL: 0 PRED: 0 MAX: 0.283
[0.283, 0.02, 0.066, 0.046, 0.045, 0.084, 0.026, 0.049, 0.028, 0.019, 0.091, 0.03, 0.039, 0.027, 0.039, 0.015, 0.094]

False | LABEL: 8 PRED: 0 MAX: 0.309
[0.309, 0.016, 0.061, 0.035, 0.07, 0.077, 0.038, 0.033, 0.016, 0.013, 0.102, 0.026, 0.064, 0.034, 0.036, 0.022, 0.048]

False | LABEL: 5 PRED: 0 MAX: 0.139
[0.139, 0.042, 0.118, 0.047, 0.052, 0.077, 0.037, 0.058, 0.045, 0.024, 0.134, 0.025, 0.046, 0.042, 0.041, 0.013, 0.059]

True | LABEL: 2 PRED: 2 MAX: 0.11
[0.083, 0.026, 0.11, 0.089, 0.056, 0.11, 0.031, 0.049, 0.068, 0.038, 0.08, 0.036, 0.073, 0.04, 0.045, 0.021, 0.045]

False | LABEL: 14 PRED: 10 MAX: 0.181
[0.122, 0.027, 0.076, 0.047, 0.047, 0.089, 0.033, 0.093, 0.047, 0.018, 0.181, 0.025, 0.042, 0.062, 0.027, 0.022, 0.043]

False | LABEL: 7 PRED: 5 MAX: 0.108
[0.082, 0.029, 0.094, 0.071, 0.057, 0.108, 0.043, 0.077, 0.057, 0.029, 0.067, 0.03, 0.06, 0.067, 0.031, 0.025, 0.075]

True | LABEL: 10 PRED: 10 MAX: 0.23
[0.122, 0.026, 0.098, 0.058, 0.057, 0.037, 0.037, 0.066, 0.043, 0.009, 0.23, 0.014, 0.047, 0.033, 0.04, 0.024, 0.06]

True | LABEL: 0 PRED: 0 MAX: 0.247
[0.247, 0.021, 0.075, 0.033, 0.059, 0.079, 0.044, 0.044, 0.022, 0.026, 0.086, 0.032, 0.075, 0.033, 0.051, 0.021, 0.055]

----------------------------------------
True | LABEL: 16 PRED: 16 MAX: 0.455
[0.062, 0.025, 0.035, 0.025, 0.086, 0.023, 0.023, 0.022, 0.019, 0.01, 0.106, 0.01, 0.037, 0.023, 0.021, 0.02, 0.455]

True | LABEL: 16 PRED: 16 MAX: 0.421
[0.053, 0.024, 0.04, 0.022, 0.102, 0.029, 0.033, 0.029, 0.023, 0.012, 0.113, 0.009, 0.031, 0.02, 0.022, 0.019, 0.421]

True | LABEL: 0 PRED: 0 MAX: 0.406
[0.406, 0.019, 0.073, 0.035, 0.061, 0.044, 0.037, 0.029, 0.017, 0.026, 0.117, 0.016, 0.03, 0.025, 0.019, 0.016, 0.029]

True | LABEL: 5 PRED: 5 MAX: 0.241
[0.122, 0.028, 0.074, 0.032, 0.049, 0.241, 0.043, 0.03, 0.029, 0.036, 0.104, 0.031, 0.036, 0.046, 0.03, 0.016, 0.053]

True | LABEL: 2 PRED: 2 MAX: 0.135
[0.089, 0.036, 0.135, 0.042, 0.058, 0.082, 0.034, 0.044, 0.038, 0.034, 0.129, 0.041, 0.045, 0.045, 0.045, 0.033, 0.069]

False | LABEL: 5 PRED: 10 MAX: 0.202
[0.147, 0.031, 0.069, 0.03, 0.054, 0.111, 0.042, 0.042, 0.029, 0.044, 0.202, 0.02, 0.032, 0.044, 0.026, 0.021, 0.055]

False | LABEL: 3 PRED: 10 MAX: 0.133
[0.104, 0.027, 0.132, 0.058, 0.066, 0.082, 0.04, 0.042, 0.039, 0.025, 0.133, 0.038, 0.045, 0.025, 0.044, 0.022, 0.078]

False | LABEL: 5 PRED: 10 MAX: 0.187
[0.129, 0.024, 0.062, 0.037, 0.064, 0.123, 0.037, 0.035, 0.03, 0.041, 0.187, 0.023, 0.037, 0.031, 0.03, 0.017, 0.091]

False | LABEL: 8 PRED: 10 MAX: 0.171
[0.142, 0.032, 0.065, 0.03, 0.118, 0.044, 0.057, 0.028, 0.031, 0.024, 0.171, 0.026, 0.043, 0.014, 0.044, 0.016, 0.112]

----------------------------------------
True | LABEL: 16 PRED: 16 MAX: 0.402
[0.058, 0.02, 0.049, 0.037, 0.061, 0.041, 0.031, 0.023, 0.018, 0.011, 0.128, 0.012, 0.032, 0.033, 0.03, 0.014, 0.402]

True | LABEL: 16 PRED: 16 MAX: 0.496
[0.036, 0.018, 0.051, 0.018, 0.122, 0.028, 0.027, 0.025, 0.016, 0.011, 0.051, 0.011, 0.023, 0.018, 0.025, 0.024, 0.496]

True | LABEL: 0 PRED: 0 MAX: 0.425
[0.425, 0.016, 0.038, 0.038, 0.042, 0.069, 0.045, 0.03, 0.014, 0.032, 0.085, 0.012, 0.046, 0.026, 0.029, 0.018, 0.036]

False | LABEL: 5 PRED: 0 MAX: 0.142
[0.142, 0.026, 0.059, 0.056, 0.033, 0.112, 0.057, 0.059, 0.073, 0.04, 0.087, 0.025, 0.075, 0.035, 0.068, 0.025, 0.03]

True | LABEL: 12 PRED: 12 MAX: 0.121
[0.114, 0.034, 0.06, 0.04, 0.067, 0.086, 0.032, 0.063, 0.049, 0.05, 0.036, 0.039, 0.121, 0.051, 0.052, 0.071, 0.035]

False | LABEL: 6 PRED: 10 MAX: 0.138
[0.099, 0.022, 0.09, 0.092, 0.053, 0.039, 0.084, 0.091, 0.046, 0.041, 0.138, 0.021, 0.041, 0.033, 0.042, 0.018, 0.053]

False | LABEL: 7 PRED: 0 MAX: 0.117
[0.117, 0.046, 0.099, 0.056, 0.046, 0.095, 0.041, 0.045, 0.046, 0.049, 0.062, 0.026, 0.083, 0.052, 0.052, 0.037, 0.05]

False | LABEL: 10 PRED: 0 MAX: 0.12
[0.12, 0.034, 0.1, 0.085, 0.068, 0.06, 0.039, 0.065, 0.034, 0.021, 0.11, 0.027, 0.053, 0.031, 0.072, 0.041, 0.039]

False | LABEL: 7 PRED: 10 MAX: 0.119
[0.107, 0.031, 0.077, 0.08, 0.04, 0.11, 0.029, 0.055, 0.044, 0.027, 0.119, 0.026, 0.086, 0.031, 0.055, 0.02, 0.063]

False | LABEL: 14 PRED: 0 MAX: 0.184
[0.184, 0.023, 0.104, 0.07, 0.057, 0.069, 0.027, 0.05, 0.031, 0.026, 0.123, 0.024, 0.082, 0.022, 0.04, 0.02, 0.048]

----------------------------------------
True | LABEL: 16 PRED: 16 MAX: 0.463
[0.046, 0.025, 0.033, 0.022, 0.068, 0.038, 0.02, 0.026, 0.018, 0.01, 0.123, 0.013, 0.03, 0.018, 0.029, 0.018, 0.463]

True | LABEL: 16 PRED: 16 MAX: 0.435
[0.04, 0.018, 0.042, 0.031, 0.124, 0.026, 0.031, 0.022, 0.025, 0.018, 0.071, 0.018, 0.028, 0.024, 0.027, 0.021, 0.435]

True | LABEL: 0 PRED: 0 MAX: 0.475
[0.475, 0.013, 0.035, 0.023, 0.055, 0.063, 0.027, 0.025, 0.016, 0.014, 0.103, 0.014, 0.028, 0.026, 0.025, 0.014, 0.044]

True | LABEL: 16 PRED: 16 MAX: 0.323
[0.051, 0.022, 0.063, 0.019, 0.202, 0.042, 0.027, 0.016, 0.019, 0.014, 0.077, 0.017, 0.031, 0.027, 0.037, 0.013, 0.323]

True | LABEL: 5 PRED: 5 MAX: 0.13
[0.107, 0.021, 0.119, 0.048, 0.06, 0.13, 0.049, 0.053, 0.031, 0.024, 0.127, 0.04, 0.037, 0.041, 0.04, 0.018, 0.054]

False | LABEL: 2 PRED: 10 MAX: 0.111
[0.109, 0.031, 0.098, 0.044, 0.065, 0.103, 0.05, 0.043, 0.031, 0.031, 0.111, 0.037, 0.043, 0.054, 0.052, 0.04, 0.058]

False | LABEL: 5 PRED: 10 MAX: 0.151
[0.128, 0.032, 0.056, 0.066, 0.065, 0.108, 0.062, 0.053, 0.021, 0.036, 0.151, 0.031, 0.047, 0.03, 0.047, 0.02, 0.046]

False | LABEL: 12 PRED: 0 MAX: 0.109
[0.109, 0.04, 0.083, 0.044, 0.061, 0.086, 0.042, 0.052, 0.049, 0.057, 0.032, 0.039, 0.102, 0.048, 0.059, 0.067, 0.032]

False | LABEL: 3 PRED: 10 MAX: 0.169
[0.058, 0.037, 0.086, 0.08, 0.059, 0.067, 0.053, 0.053, 0.043, 0.026, 0.169, 0.035, 0.058, 0.047, 0.039, 0.022, 0.07]

True | LABEL: 10 PRED: 10 MAX: 0.179
[0.072, 0.024, 0.135, 0.055, 0.084, 0.059, 0.087, 0.057, 0.025, 0.018, 0.179, 0.025, 0.035, 0.027, 0.032, 0.016, 0.07]

False | LABEL: 9 PRED: 0 MAX: 0.162
[0.162, 0.019, 0.067, 0.026, 0.079, 0.134, 0.043, 0.063, 0.037, 0.027, 0.105, 0.034, 0.079, 0.031, 0.037, 0.025, 0.033]

False | LABEL: 5 PRED: 10 MAX: 0.169
[0.068, 0.03, 0.103, 0.067, 0.093, 0.102, 0.048, 0.035, 0.036, 0.019, 0.169, 0.028, 0.048, 0.034, 0.036, 0.022, 0.062]

False | LABEL: 2 PRED: 10 MAX: 0.127
[0.106, 0.022, 0.112, 0.06, 0.05, 0.085, 0.048, 0.052, 0.023, 0.027, 0.127, 0.04, 0.04, 0.044, 0.06, 0.028, 0.076]

False | LABEL: 5 PRED: 10 MAX: 0.14
[0.105, 0.018, 0.08, 0.061, 0.035, 0.107, 0.071, 0.043, 0.025, 0.049, 0.14, 0.036, 0.061, 0.035, 0.055, 0.021, 0.057]

False | LABEL: 12 PRED: 0 MAX: 0.173
[0.173, 0.037, 0.049, 0.055, 0.036, 0.063, 0.026, 0.059, 0.048, 0.037, 0.03, 0.032, 0.163, 0.043, 0.055, 0.067, 0.028]

False | LABEL: 3 PRED: 10 MAX: 0.131
[0.065, 0.035, 0.092, 0.078, 0.064, 0.091, 0.05, 0.068, 0.038, 0.034, 0.131, 0.031, 0.066, 0.027, 0.042, 0.018, 0.071]

True | LABEL: 10 PRED: 10 MAX: 0.195
[0.069, 0.019, 0.105, 0.057, 0.057, 0.075, 0.097, 0.068, 0.026, 0.022, 0.195, 0.021, 0.035, 0.03, 0.06, 0.023, 0.042]

True | LABEL: 0 PRED: 0 MAX: 0.284
[0.284, 0.025, 0.084, 0.035, 0.061, 0.092, 0.032, 0.067, 0.024, 0.027, 0.084, 0.021, 0.047, 0.017, 0.03, 0.028, 0.041]

----------------------------------------
False | LABEL: 4 PRED: 16 MAX: 0.362
[0.061, 0.021, 0.055, 0.034, 0.179, 0.036, 0.04, 0.015, 0.017, 0.012, 0.053, 0.016, 0.026, 0.026, 0.032, 0.015, 0.362]

False | LABEL: 11 PRED: 0 MAX: 0.211
[0.211, 0.015, 0.051, 0.027, 0.076, 0.127, 0.029, 0.049, 0.024, 0.034, 0.114, 0.026, 0.065, 0.038, 0.039, 0.016, 0.059]

True | LABEL: 0 PRED: 0 MAX: 0.241
[0.241, 0.017, 0.063, 0.029, 0.044, 0.07, 0.057, 0.042, 0.028, 0.042, 0.08, 0.023, 0.083, 0.027, 0.041, 0.02, 0.094]

----------------------------------------
True | LABEL: 16 PRED: 16 MAX: 0.571
[0.033, 0.016, 0.029, 0.021, 0.066, 0.027, 0.017, 0.012, 0.011, 0.007, 0.113, 0.015, 0.018, 0.023, 0.013, 0.008, 0.571]

True | LABEL: 16 PRED: 16 MAX: 0.502
[0.036, 0.014, 0.043, 0.024, 0.127, 0.028, 0.028, 0.013, 0.015, 0.015, 0.069, 0.01, 0.027, 0.02, 0.014, 0.013, 0.502]

True | LABEL: 0 PRED: 0 MAX: 0.365
[0.365, 0.013, 0.091, 0.03, 0.071, 0.068, 0.042, 0.018, 0.013, 0.025, 0.106, 0.011, 0.034, 0.027, 0.019, 0.016, 0.049]

True | LABEL: 2 PRED: 2 MAX: 0.15
[0.091, 0.042, 0.15, 0.063, 0.07, 0.063, 0.04, 0.045, 0.038, 0.048, 0.112, 0.025, 0.044, 0.042, 0.029, 0.041, 0.056]

False | LABEL: 14 PRED: 10 MAX: 0.208
[0.144, 0.039, 0.078, 0.046, 0.052, 0.096, 0.035, 0.036, 0.02, 0.041, 0.208, 0.033, 0.032, 0.034, 0.028, 0.015, 0.064]

True | LABEL: 2 PRED: 2 MAX: 0.148
[0.097, 0.036, 0.148, 0.061, 0.086, 0.07, 0.053, 0.042, 0.039, 0.032, 0.107, 0.035, 0.053, 0.026, 0.038, 0.026, 0.051]

False | LABEL: 9 PRED: 0 MAX: 0.147
[0.147, 0.023, 0.054, 0.042, 0.052, 0.137, 0.033, 0.068, 0.036, 0.033, 0.079, 0.025, 0.068, 0.093, 0.05, 0.028, 0.032]

False | LABEL: 2 PRED: 10 MAX: 0.148
[0.084, 0.037, 0.127, 0.036, 0.049, 0.056, 0.064, 0.04, 0.036, 0.033, 0.148, 0.029, 0.035, 0.054, 0.052, 0.025, 0.095]

True | LABEL: 10 PRED: 10 MAX: 0.298
[0.078, 0.03, 0.058, 0.025, 0.081, 0.039, 0.045, 0.026, 0.029, 0.016, 0.298, 0.017, 0.031, 0.024, 0.035, 0.012, 0.157]

True | LABEL: 10 PRED: 10 MAX: 0.251
[0.071, 0.033, 0.099, 0.043, 0.06, 0.055, 0.045, 0.043, 0.032, 0.015, 0.251, 0.022, 0.046, 0.025, 0.039, 0.028, 0.095]

False | LABEL: 6 PRED: 10 MAX: 0.176
[0.134, 0.026, 0.077, 0.051, 0.078, 0.07, 0.035, 0.036, 0.033, 0.021, 0.176, 0.026, 0.049, 0.031, 0.034, 0.013, 0.11]

False | LABEL: 6 PRED: 16 MAX: 0.211
[0.083, 0.022, 0.072, 0.032, 0.083, 0.055, 0.043, 0.032, 0.023, 0.015, 0.199, 0.015, 0.049, 0.022, 0.032, 0.012, 0.211]

False | LABEL: 10 PRED: 16 MAX: 0.361
[0.06, 0.018, 0.058, 0.018, 0.102, 0.029, 0.033, 0.014, 0.015, 0.011, 0.163, 0.011, 0.041, 0.023, 0.027, 0.016, 0.361]

True | LABEL: 16 PRED: 16 MAX: 0.56
[0.044, 0.016, 0.031, 0.024, 0.056, 0.019, 0.023, 0.012, 0.013, 0.008, 0.107, 0.014, 0.027, 0.018, 0.02, 0.009, 0.56]

----------------------------------------
True | LABEL: 5 PRED: 5 MAX: 0.182
[0.102, 0.025, 0.048, 0.038, 0.037, 0.182, 0.051, 0.037, 0.043, 0.034, 0.109, 0.03, 0.086, 0.073, 0.045, 0.017, 0.042]

True | LABEL: 10 PRED: 10 MAX: 0.169
[0.161, 0.011, 0.057, 0.05, 0.058, 0.064, 0.057, 0.03, 0.047, 0.029, 0.169, 0.029, 0.053, 0.047, 0.041, 0.032, 0.066]

True | LABEL: 0 PRED: 0 MAX: 0.275
[0.275, 0.022, 0.048, 0.031, 0.039, 0.106, 0.035, 0.032, 0.026, 0.029, 0.081, 0.028, 0.059, 0.048, 0.053, 0.032, 0.057]

False | LABEL: 12 PRED: 0 MAX: 0.154
[0.154, 0.03, 0.032, 0.039, 0.056, 0.111, 0.03, 0.047, 0.062, 0.024, 0.06, 0.029, 0.117, 0.062, 0.055, 0.028, 0.065]

True | LABEL: 5 PRED: 5 MAX: 0.154
[0.117, 0.024, 0.029, 0.067, 0.08, 0.154, 0.046, 0.049, 0.041, 0.022, 0.092, 0.03, 0.071, 0.06, 0.038, 0.017, 0.063]

False | LABEL: 14 PRED: 0 MAX: 0.12
[0.12, 0.028, 0.063, 0.094, 0.078, 0.097, 0.031, 0.042, 0.065, 0.024, 0.091, 0.02, 0.039, 0.051, 0.069, 0.025, 0.065]

False | LABEL: 2 PRED: 0 MAX: 0.112
[0.112, 0.04, 0.107, 0.073, 0.063, 0.067, 0.043, 0.041, 0.058, 0.031, 0.106, 0.039, 0.04, 0.051, 0.042, 0.032, 0.055]

False | LABEL: 5 PRED: 10 MAX: 0.149
[0.107, 0.036, 0.073, 0.05, 0.038, 0.069, 0.048, 0.044, 0.04, 0.04, 0.149, 0.042, 0.075, 0.042, 0.065, 0.036, 0.046]

False | LABEL: 14 PRED: 0 MAX: 0.112
[0.112, 0.04, 0.089, 0.052, 0.049, 0.094, 0.037, 0.072, 0.056, 0.02, 0.08, 0.043, 0.047, 0.076, 0.048, 0.043, 0.043]

True | LABEL: 0 PRED: 0 MAX: 0.216
[0.216, 0.015, 0.042, 0.038, 0.048, 0.099, 0.055, 0.045, 0.026, 0.029, 0.032, 0.031, 0.163, 0.038, 0.035, 0.034, 0.055]

----------------------------------------
False | LABEL: 4 PRED: 16 MAX: 0.301
[0.088, 0.029, 0.054, 0.03, 0.159, 0.032, 0.04, 0.024, 0.02, 0.032, 0.074, 0.016, 0.02, 0.028, 0.035, 0.018, 0.301]

False | LABEL: 4 PRED: 16 MAX: 0.283
[0.084, 0.037, 0.079, 0.023, 0.175, 0.036, 0.034, 0.021, 0.022, 0.015, 0.091, 0.014, 0.019, 0.017, 0.033, 0.02, 0.283]

False | LABEL: 4 PRED: 16 MAX: 0.262
[0.106, 0.029, 0.084, 0.025, 0.199, 0.033, 0.033, 0.016, 0.018, 0.018, 0.09, 0.015, 0.017, 0.019, 0.023, 0.013, 0.262]

False | LABEL: 4 PRED: 16 MAX: 0.32
[0.096, 0.025, 0.06, 0.031, 0.185, 0.035, 0.029, 0.017, 0.016, 0.014, 0.068, 0.011, 0.019, 0.023, 0.029, 0.02, 0.32]

False | LABEL: 4 PRED: 16 MAX: 0.289
[0.098, 0.026, 0.045, 0.03, 0.193, 0.042, 0.03, 0.019, 0.025, 0.017, 0.09, 0.016, 0.023, 0.016, 0.028, 0.012, 0.289]

False | LABEL: 4 PRED: 16 MAX: 0.351
[0.074, 0.019, 0.047, 0.025, 0.198, 0.04, 0.02, 0.016, 0.023, 0.016, 0.083, 0.01, 0.021, 0.023, 0.023, 0.011, 0.351]

False | LABEL: 4 PRED: 16 MAX: 0.35
[0.067, 0.024, 0.055, 0.027, 0.202, 0.03, 0.029, 0.02, 0.015, 0.015, 0.063, 0.012, 0.029, 0.017, 0.028, 0.016, 0.35]

False | LABEL: 4 PRED: 16 MAX: 0.397
[0.087, 0.024, 0.047, 0.022, 0.138, 0.036, 0.028, 0.018, 0.015, 0.016, 0.08, 0.011, 0.017, 0.025, 0.023, 0.016, 0.397]

False | LABEL: 4 PRED: 16 MAX: 0.399
[0.063, 0.018, 0.046, 0.019, 0.165, 0.035, 0.031, 0.022, 0.021, 0.014, 0.078, 0.01, 0.02, 0.019, 0.025, 0.013, 0.399]

False | LABEL: 10 PRED: 16 MAX: 0.262
[0.12, 0.022, 0.05, 0.027, 0.151, 0.052, 0.033, 0.018, 0.035, 0.017, 0.115, 0.017, 0.034, 0.013, 0.025, 0.01, 0.262]

----------------------------------------
True | LABEL: 5 PRED: 5 MAX: 0.195
[0.073, 0.028, 0.099, 0.053, 0.049, 0.195, 0.047, 0.052, 0.044, 0.043, 0.073, 0.042, 0.04, 0.06, 0.037, 0.018, 0.048]

False | LABEL: 14 PRED: 0 MAX: 0.133
[0.133, 0.028, 0.051, 0.057, 0.089, 0.11, 0.036, 0.052, 0.058, 0.031, 0.053, 0.049, 0.05, 0.048, 0.075, 0.028, 0.052]

False | LABEL: 2 PRED: 0 MAX: 0.112
[0.112, 0.034, 0.108, 0.043, 0.061, 0.094, 0.033, 0.049, 0.03, 0.024, 0.089, 0.046, 0.03, 0.046, 0.061, 0.036, 0.102]

False | LABEL: 3 PRED: 10 MAX: 0.112
[0.096, 0.06, 0.096, 0.069, 0.066, 0.07, 0.047, 0.051, 0.034, 0.031, 0.112, 0.025, 0.045, 0.039, 0.055, 0.017, 0.085]

True | LABEL: 10 PRED: 10 MAX: 0.162
[0.083, 0.041, 0.124, 0.034, 0.063, 0.058, 0.029, 0.056, 0.025, 0.032, 0.162, 0.031, 0.051, 0.027, 0.078, 0.02, 0.087]

False | LABEL: 14 PRED: 5 MAX: 0.109
[0.091, 0.034, 0.081, 0.033, 0.078, 0.109, 0.036, 0.058, 0.054, 0.042, 0.073, 0.059, 0.045, 0.052, 0.086, 0.022, 0.046]

False | LABEL: 14 PRED: 5 MAX: 0.103
[0.077, 0.046, 0.064, 0.041, 0.068, 0.103, 0.047, 0.07, 0.04, 0.039, 0.056, 0.047, 0.075, 0.071, 0.075, 0.033, 0.048]

True | LABEL: 0 PRED: 0 MAX: 0.248
[0.248, 0.029, 0.063, 0.033, 0.063, 0.097, 0.03, 0.045, 0.046, 0.026, 0.082, 0.04, 0.061, 0.039, 0.026, 0.015, 0.057]

False | LABEL: 3 PRED: 10 MAX: 0.131
[0.112, 0.048, 0.076, 0.069, 0.066, 0.076, 0.048, 0.054, 0.029, 0.029, 0.131, 0.042, 0.051, 0.044, 0.044, 0.018, 0.063]

True | LABEL: 10 PRED: 10 MAX: 0.154
[0.077, 0.033, 0.122, 0.044, 0.059, 0.082, 0.043, 0.043, 0.03, 0.03, 0.154, 0.035, 0.044, 0.041, 0.044, 0.02, 0.098]

False | LABEL: 14 PRED: 5 MAX: 0.155
[0.144, 0.033, 0.069, 0.03, 0.066, 0.155, 0.05, 0.047, 0.048, 0.03, 0.049, 0.036, 0.064, 0.041, 0.064, 0.023, 0.05]

False | LABEL: 2 PRED: 5 MAX: 0.105
[0.095, 0.036, 0.084, 0.05, 0.044, 0.105, 0.04, 0.064, 0.037, 0.041, 0.078, 0.03, 0.07, 0.052, 0.058, 0.026, 0.092]

True | LABEL: 5 PRED: 5 MAX: 0.208
[0.121, 0.027, 0.056, 0.04, 0.051, 0.208, 0.038, 0.06, 0.028, 0.031, 0.063, 0.039, 0.07, 0.062, 0.035, 0.017, 0.054]

False | LABEL: 2 PRED: 10 MAX: 0.102
[0.092, 0.028, 0.095, 0.046, 0.075, 0.075, 0.045, 0.026, 0.042, 0.036, 0.102, 0.04, 0.073, 0.053, 0.038, 0.038, 0.098]

True | LABEL: 0 PRED: 0 MAX: 0.143
[0.143, 0.051, 0.078, 0.038, 0.063, 0.073, 0.044, 0.039, 0.043, 0.036, 0.09, 0.052, 0.045, 0.044, 0.036, 0.04, 0.086]

True | LABEL: 16 PRED: 16 MAX: 0.325
[0.074, 0.019, 0.042, 0.035, 0.051, 0.067, 0.041, 0.022, 0.022, 0.023, 0.167, 0.014, 0.03, 0.025, 0.025, 0.017, 0.325]

----------------------------------------
True | LABEL: 16 PRED: 16 MAX: 0.519
[0.063, 0.02, 0.034, 0.016, 0.064, 0.04, 0.023, 0.019, 0.013, 0.006, 0.095, 0.012, 0.014, 0.023, 0.027, 0.012, 0.519]

True | LABEL: 16 PRED: 16 MAX: 0.377
[0.061, 0.024, 0.062, 0.024, 0.164, 0.048, 0.026, 0.02, 0.016, 0.011, 0.063, 0.013, 0.028, 0.023, 0.025, 0.015, 0.377]

True | LABEL: 0 PRED: 0 MAX: 0.393
[0.393, 0.022, 0.043, 0.03, 0.076, 0.048, 0.026, 0.029, 0.015, 0.015, 0.113, 0.017, 0.047, 0.019, 0.024, 0.011, 0.073]

False | LABEL: 4 PRED: 16 MAX: 0.378
[0.066, 0.021, 0.06, 0.019, 0.179, 0.03, 0.02, 0.024, 0.017, 0.014, 0.08, 0.01, 0.019, 0.026, 0.019, 0.018, 0.378]

False | LABEL: 2 PRED: 0 MAX: 0.204
[0.204, 0.016, 0.138, 0.033, 0.041, 0.069, 0.033, 0.027, 0.018, 0.021, 0.143, 0.034, 0.051, 0.05, 0.036, 0.017, 0.069]

False | LABEL: 2 PRED: 0 MAX: 0.142
[0.142, 0.039, 0.132, 0.033, 0.082, 0.064, 0.06, 0.032, 0.022, 0.027, 0.139, 0.025, 0.03, 0.033, 0.036, 0.016, 0.089]

False | LABEL: 4 PRED: 10 MAX: 0.13
[0.129, 0.025, 0.073, 0.035, 0.098, 0.079, 0.034, 0.068, 0.038, 0.021, 0.13, 0.024, 0.055, 0.024, 0.038, 0.022, 0.107]

False | LABEL: 7 PRED: 2 MAX: 0.12
[0.112, 0.033, 0.12, 0.047, 0.056, 0.089, 0.044, 0.11, 0.031, 0.02, 0.084, 0.049, 0.038, 0.04, 0.059, 0.022, 0.046]

False | LABEL: 4 PRED: 16 MAX: 0.133
[0.111, 0.028, 0.046, 0.054, 0.065, 0.112, 0.078, 0.051, 0.03, 0.042, 0.09, 0.023, 0.044, 0.033, 0.045, 0.015, 0.133]

False | LABEL: 15 PRED: 0 MAX: 0.234
[0.234, 0.019, 0.077, 0.029, 0.04, 0.079, 0.031, 0.045, 0.02, 0.029, 0.123, 0.048, 0.066, 0.033, 0.045, 0.018, 0.061]

False | LABEL: 4 PRED: 0 MAX: 0.242
[0.242, 0.03, 0.07, 0.021, 0.051, 0.087, 0.028, 0.036, 0.04, 0.03, 0.122, 0.023, 0.038, 0.023, 0.056, 0.023, 0.08]

False | LABEL: 12 PRED: 0 MAX: 0.156
[0.156, 0.033, 0.058, 0.042, 0.068, 0.099, 0.037, 0.06, 0.031, 0.025, 0.095, 0.054, 0.071, 0.046, 0.047, 0.018, 0.06]

False | LABEL: 14 PRED: 2 MAX: 0.13
[0.088, 0.028, 0.13, 0.031, 0.059, 0.09, 0.049, 0.078, 0.026, 0.051, 0.085, 0.033, 0.09, 0.03, 0.083, 0.014, 0.034]

False | LABEL: 6 PRED: 10 MAX: 0.193
[0.099, 0.036, 0.094, 0.033, 0.073, 0.063, 0.044, 0.04, 0.024, 0.034, 0.193, 0.031, 0.059, 0.031, 0.038, 0.021, 0.087]

False | LABEL: 9 PRED: 0 MAX: 0.196
[0.196, 0.03, 0.08, 0.024, 0.066, 0.112, 0.037, 0.04, 0.022, 0.02, 0.119, 0.021, 0.037, 0.046, 0.026, 0.012, 0.111]

False | LABEL: 4 PRED: 10 MAX: 0.176
[0.131, 0.02, 0.084, 0.028, 0.055, 0.101, 0.033, 0.028, 0.03, 0.02, 0.176, 0.02, 0.045, 0.027, 0.031, 0.017, 0.155]

False | LABEL: 2 PRED: 10 MAX: 0.191
[0.128, 0.03, 0.091, 0.034, 0.044, 0.081, 0.049, 0.046, 0.031, 0.021, 0.191, 0.04, 0.042, 0.029, 0.054, 0.016, 0.074]

False | LABEL: 4 PRED: 10 MAX: 0.15
[0.123, 0.028, 0.052, 0.035, 0.065, 0.112, 0.069, 0.05, 0.03, 0.034, 0.15, 0.017, 0.052, 0.027, 0.039, 0.02, 0.099]

True | LABEL: 10 PRED: 10 MAX: 0.259
[0.111, 0.025, 0.074, 0.035, 0.059, 0.089, 0.045, 0.046, 0.031, 0.017, 0.259, 0.028, 0.035, 0.015, 0.025, 0.017, 0.088]

True | LABEL: 0 PRED: 0 MAX: 0.2
[0.2, 0.034, 0.067, 0.031, 0.072, 0.107, 0.036, 0.056, 0.029, 0.021, 0.139, 0.025, 0.043, 0.032, 0.028, 0.017, 0.062]

False | LABEL: 14 PRED: 10 MAX: 0.147
[0.113, 0.031, 0.097, 0.047, 0.07, 0.085, 0.044, 0.057, 0.039, 0.028, 0.147, 0.037, 0.056, 0.039, 0.042, 0.021, 0.047]

False | LABEL: 5 PRED: 10 MAX: 0.168
[0.129, 0.023, 0.114, 0.037, 0.032, 0.11, 0.03, 0.051, 0.032, 0.033, 0.168, 0.048, 0.044, 0.036, 0.047, 0.014, 0.051]

False | LABEL: 2 PRED: 10 MAX: 0.16
[0.105, 0.024, 0.105, 0.056, 0.045, 0.08, 0.032, 0.06, 0.049, 0.027, 0.16, 0.039, 0.065, 0.043, 0.033, 0.023, 0.054]

True | LABEL: 10 PRED: 10 MAX: 0.182
[0.116, 0.038, 0.062, 0.046, 0.062, 0.084, 0.054, 0.043, 0.028, 0.02, 0.182, 0.049, 0.027, 0.025, 0.04, 0.031, 0.093]

True | LABEL: 0 PRED: 0 MAX: 0.211
[0.211, 0.039, 0.101, 0.034, 0.075, 0.095, 0.053, 0.032, 0.032, 0.025, 0.128, 0.025, 0.032, 0.029, 0.024, 0.02, 0.046]

False | LABEL: 16 PRED: 0 MAX: 0.258
[0.258, 0.017, 0.062, 0.034, 0.061, 0.058, 0.058, 0.021, 0.02, 0.03, 0.171, 0.021, 0.058, 0.029, 0.033, 0.018, 0.05]

True | LABEL: 0 PRED: 0 MAX: 0.224
[0.224, 0.03, 0.065, 0.034, 0.059, 0.064, 0.065, 0.055, 0.019, 0.024, 0.102, 0.055, 0.054, 0.021, 0.04, 0.017, 0.074]

----------------------------------------
False | LABEL: 6 PRED: 2 MAX: 0.147
[0.062, 0.036, 0.147, 0.075, 0.038, 0.073, 0.079, 0.053, 0.036, 0.04, 0.09, 0.038, 0.066, 0.051, 0.029, 0.023, 0.064]

True | LABEL: 10 PRED: 10 MAX: 0.234
[0.084, 0.043, 0.071, 0.036, 0.043, 0.09, 0.058, 0.06, 0.033, 0.02, 0.234, 0.019, 0.024, 0.068, 0.041, 0.023, 0.053]

False | LABEL: 15 PRED: 5 MAX: 0.132
[0.075, 0.027, 0.077, 0.081, 0.05, 0.132, 0.084, 0.043, 0.034, 0.041, 0.075, 0.037, 0.079, 0.043, 0.037, 0.018, 0.066]

False | LABEL: 2 PRED: 10 MAX: 0.136
[0.074, 0.032, 0.098, 0.082, 0.07, 0.114, 0.038, 0.054, 0.03, 0.031, 0.136, 0.027, 0.043, 0.041, 0.036, 0.036, 0.057]

False | LABEL: 3 PRED: 10 MAX: 0.105
[0.05, 0.027, 0.074, 0.09, 0.071, 0.09, 0.057, 0.069, 0.061, 0.056, 0.105, 0.029, 0.063, 0.046, 0.033, 0.024, 0.056]

True | LABEL: 10 PRED: 10 MAX: 0.158
[0.072, 0.039, 0.104, 0.039, 0.071, 0.079, 0.051, 0.089, 0.04, 0.021, 0.158, 0.015, 0.048, 0.042, 0.053, 0.027, 0.052]

False | LABEL: 7 PRED: 10 MAX: 0.159
[0.06, 0.04, 0.109, 0.055, 0.05, 0.058, 0.043, 0.085, 0.049, 0.039, 0.159, 0.029, 0.037, 0.07, 0.042, 0.027, 0.048]

True | LABEL: 5 PRED: 5 MAX: 0.237
[0.102, 0.03, 0.069, 0.038, 0.032, 0.237, 0.055, 0.049, 0.037, 0.021, 0.149, 0.023, 0.042, 0.027, 0.028, 0.014, 0.046]

True | LABEL: 10 PRED: 10 MAX: 0.235
[0.091, 0.031, 0.088, 0.051, 0.043, 0.07, 0.051, 0.039, 0.033, 0.029, 0.235, 0.051, 0.038, 0.033, 0.052, 0.026, 0.041]

False | LABEL: 6 PRED: 2 MAX: 0.152
[0.046, 0.053, 0.152, 0.044, 0.064, 0.088, 0.034, 0.049, 0.043, 0.046, 0.095, 0.04, 0.032, 0.049, 0.06, 0.04, 0.064]

False | LABEL: 7 PRED: 2 MAX: 0.104
[0.101, 0.044, 0.104, 0.051, 0.068, 0.061, 0.057, 0.102, 0.049, 0.022, 0.094, 0.042, 0.033, 0.045, 0.05, 0.047, 0.029]

True | LABEL: 10 PRED: 10 MAX: 0.335
[0.098, 0.024, 0.068, 0.03, 0.071, 0.057, 0.04, 0.034, 0.022, 0.014, 0.335, 0.027, 0.031, 0.028, 0.028, 0.019, 0.074]

True | LABEL: 0 PRED: 0 MAX: 0.278
[0.278, 0.021, 0.033, 0.029, 0.06, 0.089, 0.025, 0.056, 0.02, 0.02, 0.116, 0.024, 0.086, 0.029, 0.053, 0.013, 0.048]

True | LABEL: 10 PRED: 10 MAX: 0.179
[0.115, 0.026, 0.103, 0.052, 0.09, 0.078, 0.031, 0.04, 0.048, 0.02, 0.179, 0.039, 0.024, 0.024, 0.035, 0.034, 0.062]

True | LABEL: 10 PRED: 10 MAX: 0.171
[0.142, 0.025, 0.054, 0.029, 0.067, 0.108, 0.035, 0.046, 0.025, 0.024, 0.171, 0.024, 0.051, 0.06, 0.039, 0.033, 0.064]

True | LABEL: 10 PRED: 10 MAX: 0.241
[0.149, 0.029, 0.057, 0.023, 0.059, 0.09, 0.047, 0.039, 0.027, 0.025, 0.241, 0.025, 0.043, 0.026, 0.035, 0.019, 0.066]

True | LABEL: 0 PRED: 0 MAX: 0.362
[0.362, 0.019, 0.061, 0.021, 0.061, 0.053, 0.055, 0.045, 0.02, 0.021, 0.077, 0.024, 0.066, 0.028, 0.035, 0.014, 0.038]

----------------------------------------
True | LABEL: 16 PRED: 16 MAX: 0.542
[0.043, 0.026, 0.048, 0.024, 0.055, 0.04, 0.023, 0.025, 0.01, 0.009, 0.067, 0.01, 0.025, 0.024, 0.018, 0.011, 0.542]

True | LABEL: 16 PRED: 16 MAX: 0.485
[0.044, 0.014, 0.044, 0.022, 0.138, 0.032, 0.036, 0.018, 0.012, 0.014, 0.045, 0.011, 0.015, 0.027, 0.028, 0.017, 0.485]

True | LABEL: 0 PRED: 0 MAX: 0.347
[0.347, 0.022, 0.053, 0.028, 0.069, 0.052, 0.042, 0.026, 0.019, 0.018, 0.14, 0.023, 0.041, 0.026, 0.023, 0.016, 0.056]

False | LABEL: 2 PRED: 10 MAX: 0.182
[0.12, 0.027, 0.08, 0.039, 0.067, 0.054, 0.058, 0.034, 0.021, 0.017, 0.182, 0.011, 0.05, 0.025, 0.041, 0.02, 0.152]

False | LABEL: 7 PRED: 5 MAX: 0.135
[0.067, 0.035, 0.068, 0.035, 0.091, 0.135, 0.05, 0.099, 0.035, 0.039, 0.087, 0.031, 0.04, 0.049, 0.031, 0.033, 0.077]

False | LABEL: 4 PRED: 10 MAX: 0.266
[0.059, 0.063, 0.079, 0.026, 0.063, 0.041, 0.053, 0.043, 0.02, 0.027, 0.266, 0.018, 0.025, 0.019, 0.032, 0.031, 0.137]

False | LABEL: 14 PRED: 10 MAX: 0.158
[0.097, 0.036, 0.071, 0.038, 0.061, 0.091, 0.051, 0.046, 0.031, 0.014, 0.158, 0.02, 0.05, 0.033, 0.032, 0.021, 0.15]

True | LABEL: 16 PRED: 16 MAX: 0.434
[0.049, 0.021, 0.046, 0.031, 0.062, 0.044, 0.047, 0.025, 0.01, 0.012, 0.124, 0.011, 0.035, 0.018, 0.019, 0.012, 0.434]

----------------------------------------
True | LABEL: 16 PRED: 16 MAX: 0.516
[0.052, 0.019, 0.036, 0.018, 0.081, 0.033, 0.028, 0.022, 0.014, 0.008, 0.085, 0.008, 0.026, 0.018, 0.025, 0.011, 0.516]

True | LABEL: 16 PRED: 16 MAX: 0.4
[0.046, 0.021, 0.047, 0.03, 0.144, 0.041, 0.028, 0.024, 0.021, 0.015, 0.063, 0.014, 0.042, 0.022, 0.027, 0.016, 0.4]

True | LABEL: 0 PRED: 0 MAX: 0.323
[0.323, 0.02, 0.047, 0.051, 0.074, 0.058, 0.05, 0.041, 0.011, 0.019, 0.105, 0.018, 0.066, 0.024, 0.026, 0.011, 0.055]

False | LABEL: 3 PRED: 0 MAX: 0.149
[0.149, 0.038, 0.073, 0.099, 0.04, 0.089, 0.034, 0.116, 0.026, 0.026, 0.106, 0.021, 0.056, 0.027, 0.04, 0.016, 0.045]

False | LABEL: 4 PRED: 10 MAX: 0.147
[0.104, 0.039, 0.071, 0.048, 0.087, 0.061, 0.046, 0.07, 0.027, 0.039, 0.147, 0.017, 0.071, 0.019, 0.053, 0.013, 0.089]

False | LABEL: 4 PRED: 10 MAX: 0.219
[0.113, 0.03, 0.076, 0.037, 0.052, 0.047, 0.047, 0.07, 0.031, 0.02, 0.219, 0.01, 0.046, 0.036, 0.049, 0.017, 0.1]

True | LABEL: 10 PRED: 10 MAX: 0.21
[0.105, 0.024, 0.102, 0.048, 0.047, 0.049, 0.043, 0.054, 0.03, 0.022, 0.21, 0.012, 0.045, 0.033, 0.027, 0.021, 0.127]

False | LABEL: 12 PRED: 0 MAX: 0.134
[0.134, 0.02, 0.075, 0.08, 0.042, 0.109, 0.067, 0.067, 0.023, 0.023, 0.056, 0.027, 0.105, 0.062, 0.048, 0.02, 0.044]

False | LABEL: 7 PRED: 0 MAX: 0.147
[0.147, 0.019, 0.108, 0.057, 0.042, 0.081, 0.027, 0.065, 0.029, 0.018, 0.108, 0.012, 0.054, 0.058, 0.071, 0.032, 0.072]

False | LABEL: 6 PRED: 0 MAX: 0.132
[0.132, 0.02, 0.124, 0.07, 0.105, 0.07, 0.038, 0.053, 0.017, 0.02, 0.09, 0.031, 0.06, 0.036, 0.043, 0.023, 0.068]

True | LABEL: 0 PRED: 0 MAX: 0.334
[0.334, 0.027, 0.057, 0.037, 0.041, 0.078, 0.032, 0.05, 0.021, 0.032, 0.049, 0.018, 0.093, 0.017, 0.061, 0.019, 0.034]

----------------------------------------
True | LABEL: 16 PRED: 16 MAX: 0.493
[0.053, 0.016, 0.047, 0.03, 0.069, 0.031, 0.022, 0.014, 0.015, 0.007, 0.128, 0.009, 0.019, 0.017, 0.018, 0.012, 0.493]

True | LABEL: 16 PRED: 16 MAX: 0.427
[0.054, 0.018, 0.049, 0.02, 0.114, 0.036, 0.025, 0.025, 0.022, 0.014, 0.077, 0.013, 0.029, 0.033, 0.026, 0.018, 0.427]

True | LABEL: 0 PRED: 0 MAX: 0.406
[0.406, 0.022, 0.062, 0.032, 0.066, 0.049, 0.029, 0.024, 0.02, 0.015, 0.135, 0.009, 0.029, 0.009, 0.017, 0.016, 0.061]

True | LABEL: 0 PRED: 0 MAX: 0.33
[0.33, 0.02, 0.07, 0.035, 0.05, 0.066, 0.036, 0.025, 0.019, 0.02, 0.136, 0.021, 0.031, 0.024, 0.025, 0.011, 0.081]

False | LABEL: 12 PRED: 0 MAX: 0.123
[0.123, 0.026, 0.089, 0.101, 0.051, 0.062, 0.04, 0.036, 0.038, 0.031, 0.097, 0.023, 0.077, 0.053, 0.059, 0.02, 0.071]

False | LABEL: 5 PRED: 10 MAX: 0.206
[0.127, 0.021, 0.073, 0.04, 0.078, 0.083, 0.038, 0.045, 0.037, 0.036, 0.206, 0.015, 0.032, 0.043, 0.028, 0.02, 0.078]

False | LABEL: 4 PRED: 10 MAX: 0.252
[0.097, 0.026, 0.095, 0.032, 0.085, 0.041, 0.04, 0.03, 0.023, 0.022, 0.252, 0.017, 0.043, 0.036, 0.03, 0.027, 0.105]

True | LABEL: 0 PRED: 0 MAX: 0.224
[0.224, 0.021, 0.085, 0.047, 0.058, 0.107, 0.045, 0.046, 0.031, 0.032, 0.075, 0.032, 0.057, 0.03, 0.019, 0.023, 0.068]

True | LABEL: 0 PRED: 0 MAX: 0.33
[0.33, 0.021, 0.086, 0.03, 0.07, 0.064, 0.026, 0.017, 0.021, 0.018, 0.146, 0.02, 0.039, 0.014, 0.024, 0.018, 0.056]

False | LABEL: 14 PRED: 0 MAX: 0.19
[0.19, 0.027, 0.099, 0.031, 0.105, 0.065, 0.03, 0.027, 0.027, 0.019, 0.138, 0.017, 0.039, 0.02, 0.041, 0.021, 0.104]

False | LABEL: 6 PRED: 10 MAX: 0.267
[0.078, 0.025, 0.127, 0.028, 0.058, 0.049, 0.037, 0.037, 0.02, 0.014, 0.267, 0.016, 0.039, 0.021, 0.029, 0.018, 0.136]

False | LABEL: 8 PRED: 16 MAX: 0.219
[0.129, 0.034, 0.08, 0.031, 0.125, 0.047, 0.053, 0.02, 0.035, 0.017, 0.102, 0.022, 0.026, 0.015, 0.032, 0.013, 0.219]

True | LABEL: 16 PRED: 16 MAX: 0.524
[0.05, 0.023, 0.039, 0.025, 0.056, 0.027, 0.032, 0.016, 0.012, 0.011, 0.09, 0.016, 0.036, 0.013, 0.022, 0.009, 0.524]

----------------------------------------
False | LABEL: 10 PRED: 0 MAX: 0.167
[0.167, 0.014, 0.107, 0.045, 0.057, 0.072, 0.084, 0.045, 0.049, 0.012, 0.093, 0.022, 0.068, 0.021, 0.049, 0.031, 0.062]

True | LABEL: 5 PRED: 5 MAX: 0.157
[0.153, 0.027, 0.055, 0.035, 0.05, 0.157, 0.071, 0.077, 0.03, 0.026, 0.086, 0.027, 0.059, 0.052, 0.03, 0.017, 0.048]

False | LABEL: 2 PRED: 0 MAX: 0.181
[0.181, 0.027, 0.079, 0.038, 0.047, 0.107, 0.059, 0.057, 0.033, 0.02, 0.108, 0.021, 0.059, 0.033, 0.044, 0.031, 0.053]

False | LABEL: 5 PRED: 0 MAX: 0.126
[0.126, 0.015, 0.052, 0.036, 0.043, 0.089, 0.042, 0.063, 0.046, 0.04, 0.106, 0.023, 0.088, 0.07, 0.067, 0.033, 0.062]

False | LABEL: 12 PRED: 0 MAX: 0.142
[0.142, 0.04, 0.106, 0.037, 0.036, 0.04, 0.048, 0.067, 0.034, 0.029, 0.069, 0.029, 0.113, 0.039, 0.049, 0.029, 0.093]

False | LABEL: 2 PRED: 10 MAX: 0.148
[0.125, 0.028, 0.099, 0.062, 0.034, 0.058, 0.051, 0.067, 0.039, 0.027, 0.148, 0.032, 0.053, 0.044, 0.048, 0.029, 0.056]

False | LABEL: 3 PRED: 0 MAX: 0.164
[0.164, 0.036, 0.087, 0.065, 0.06, 0.04, 0.029, 0.064, 0.044, 0.028, 0.096, 0.026, 0.06, 0.067, 0.052, 0.019, 0.063]

True | LABEL: 10 PRED: 10 MAX: 0.153
[0.102, 0.024, 0.061, 0.048, 0.05, 0.066, 0.043, 0.07, 0.082, 0.029, 0.153, 0.038, 0.073, 0.036, 0.04, 0.024, 0.062]

True | LABEL: 0 PRED: 0 MAX: 0.328
[0.328, 0.034, 0.062, 0.026, 0.036, 0.047, 0.03, 0.052, 0.045, 0.029, 0.09, 0.021, 0.034, 0.049, 0.035, 0.03, 0.052]

True | LABEL: 5 PRED: 5 MAX: 0.114
[0.111, 0.025, 0.072, 0.033, 0.027, 0.114, 0.093, 0.061, 0.039, 0.033, 0.082, 0.039, 0.111, 0.052, 0.032, 0.023, 0.051]

True | LABEL: 2 PRED: 2 MAX: 0.136
[0.084, 0.024, 0.136, 0.055, 0.041, 0.073, 0.059, 0.055, 0.037, 0.02, 0.122, 0.028, 0.071, 0.055, 0.044, 0.031, 0.063]

False | LABEL: 15 PRED: 10 MAX: 0.155
[0.098, 0.025, 0.118, 0.038, 0.036, 0.068, 0.041, 0.082, 0.054, 0.018, 0.155, 0.044, 0.057, 0.048, 0.046, 0.029, 0.043]

False | LABEL: 5 PRED: 12 MAX: 0.119
[0.111, 0.023, 0.066, 0.026, 0.025, 0.107, 0.068, 0.051, 0.052, 0.034, 0.089, 0.038, 0.119, 0.049, 0.047, 0.023, 0.072]

False | LABEL: 2 PRED: 16 MAX: 0.115
[0.086, 0.034, 0.108, 0.039, 0.045, 0.067, 0.055, 0.042, 0.049, 0.019, 0.09, 0.038, 0.063, 0.046, 0.06, 0.043, 0.115]

True | LABEL: 5 PRED: 5 MAX: 0.149
[0.14, 0.023, 0.066, 0.063, 0.036, 0.149, 0.055, 0.057, 0.036, 0.023, 0.084, 0.023, 0.081, 0.034, 0.042, 0.021, 0.068]

False | LABEL: 14 PRED: 0 MAX: 0.117
[0.117, 0.035, 0.104, 0.035, 0.033, 0.103, 0.038, 0.06, 0.044, 0.021, 0.089, 0.027, 0.098, 0.054, 0.038, 0.024, 0.08]

False | LABEL: 14 PRED: 0 MAX: 0.122
[0.122, 0.026, 0.11, 0.036, 0.04, 0.075, 0.035, 0.063, 0.041, 0.019, 0.107, 0.03, 0.09, 0.054, 0.065, 0.034, 0.052]

True | LABEL: 0 PRED: 0 MAX: 0.229
[0.229, 0.023, 0.071, 0.042, 0.056, 0.083, 0.066, 0.05, 0.036, 0.031, 0.055, 0.039, 0.06, 0.022, 0.063, 0.027, 0.046]

----------------------------------------
True | LABEL: 16 PRED: 16 MAX: 0.502
[0.057, 0.018, 0.036, 0.02, 0.072, 0.038, 0.023, 0.017, 0.019, 0.008, 0.099, 0.015, 0.026, 0.018, 0.023, 0.011, 0.502]

True | LABEL: 16 PRED: 16 MAX: 0.481
[0.04, 0.021, 0.052, 0.021, 0.139, 0.026, 0.017, 0.019, 0.017, 0.014, 0.058, 0.011, 0.027, 0.024, 0.02, 0.014, 0.481]

True | LABEL: 0 PRED: 0 MAX: 0.372
[0.372, 0.015, 0.063, 0.025, 0.069, 0.075, 0.029, 0.027, 0.021, 0.016, 0.109, 0.015, 0.048, 0.031, 0.015, 0.011, 0.059]

False | LABEL: 11 PRED: 10 MAX: 0.205
[0.159, 0.021, 0.073, 0.033, 0.062, 0.111, 0.028, 0.026, 0.02, 0.028, 0.205, 0.029, 0.051, 0.023, 0.026, 0.018, 0.088]

True | LABEL: 0 PRED: 0 MAX: 0.296
[0.296, 0.038, 0.044, 0.049, 0.043, 0.097, 0.037, 0.036, 0.031, 0.023, 0.122, 0.021, 0.045, 0.035, 0.026, 0.03, 0.028]

False | LABEL: 7 PRED: 0 MAX: 0.131
[0.131, 0.025, 0.063, 0.048, 0.048, 0.097, 0.028, 0.079, 0.027, 0.031, 0.126, 0.042, 0.078, 0.049, 0.05, 0.042, 0.037]

True | LABEL: 10 PRED: 10 MAX: 0.228
[0.081, 0.033, 0.096, 0.038, 0.067, 0.082, 0.036, 0.028, 0.042, 0.033, 0.228, 0.04, 0.024, 0.021, 0.038, 0.023, 0.091]

True | LABEL: 10 PRED: 10 MAX: 0.244
[0.102, 0.021, 0.107, 0.026, 0.065, 0.059, 0.019, 0.047, 0.025, 0.029, 0.244, 0.024, 0.06, 0.031, 0.044, 0.026, 0.071]

True | LABEL: 0 PRED: 0 MAX: 0.31
[0.31, 0.022, 0.056, 0.047, 0.055, 0.088, 0.022, 0.041, 0.026, 0.02, 0.075, 0.03, 0.053, 0.025, 0.028, 0.021, 0.081]

False | LABEL: 12 PRED: 5 MAX: 0.193
[0.109, 0.037, 0.051, 0.057, 0.067, 0.193, 0.027, 0.047, 0.034, 0.037, 0.069, 0.016, 0.083, 0.049, 0.058, 0.014, 0.054]

True | LABEL: 5 PRED: 5 MAX: 0.263
[0.105, 0.021, 0.049, 0.047, 0.048, 0.263, 0.048, 0.053, 0.028, 0.027, 0.088, 0.011, 0.054, 0.051, 0.035, 0.019, 0.052]

False | LABEL: 2 PRED: 5 MAX: 0.143
[0.143, 0.028, 0.121, 0.053, 0.053, 0.143, 0.042, 0.034, 0.043, 0.04, 0.077, 0.02, 0.063, 0.039, 0.042, 0.02, 0.038]

False | LABEL: 13 PRED: 5 MAX: 0.141
[0.096, 0.031, 0.114, 0.067, 0.045, 0.141, 0.041, 0.062, 0.034, 0.025, 0.096, 0.026, 0.053, 0.052, 0.035, 0.021, 0.06]

True | LABEL: 2 PRED: 2 MAX: 0.134
[0.09, 0.028, 0.134, 0.063, 0.045, 0.115, 0.05, 0.044, 0.045, 0.04, 0.084, 0.027, 0.06, 0.069, 0.032, 0.019, 0.053]

False | LABEL: 13 PRED: 2 MAX: 0.113
[0.088, 0.02, 0.113, 0.064, 0.047, 0.111, 0.039, 0.074, 0.034, 0.028, 0.097, 0.024, 0.055, 0.066, 0.033, 0.024, 0.085]

False | LABEL: 2 PRED: 0 MAX: 0.138
[0.138, 0.024, 0.102, 0.067, 0.052, 0.106, 0.038, 0.031, 0.048, 0.028, 0.126, 0.025, 0.028, 0.043, 0.022, 0.03, 0.094]

False | LABEL: 14 PRED: 10 MAX: 0.132
[0.119, 0.024, 0.089, 0.072, 0.059, 0.094, 0.037, 0.077, 0.038, 0.017, 0.132, 0.04, 0.047, 0.046, 0.025, 0.031, 0.052]

False | LABEL: 7 PRED: 5 MAX: 0.116
[0.054, 0.025, 0.072, 0.069, 0.072, 0.116, 0.045, 0.086, 0.05, 0.016, 0.092, 0.033, 0.055, 0.052, 0.034, 0.031, 0.098]

False | LABEL: 3 PRED: 10 MAX: 0.17
[0.081, 0.029, 0.079, 0.034, 0.039, 0.117, 0.03, 0.056, 0.044, 0.026, 0.17, 0.025, 0.089, 0.068, 0.023, 0.033, 0.058]

False | LABEL: 4 PRED: 10 MAX: 0.27
[0.113, 0.024, 0.031, 0.031, 0.106, 0.063, 0.034, 0.03, 0.025, 0.023, 0.27, 0.009, 0.03, 0.021, 0.038, 0.029, 0.123]

False | LABEL: 9 PRED: 0 MAX: 0.149
[0.149, 0.017, 0.071, 0.029, 0.065, 0.11, 0.054, 0.043, 0.023, 0.022, 0.144, 0.026, 0.073, 0.05, 0.037, 0.014, 0.073]

False | LABEL: 2 PRED: 10 MAX: 0.149
[0.133, 0.046, 0.097, 0.037, 0.06, 0.093, 0.04, 0.048, 0.037, 0.022, 0.149, 0.019, 0.036, 0.041, 0.033, 0.025, 0.085]

False | LABEL: 5 PRED: 16 MAX: 0.14
[0.09, 0.019, 0.079, 0.04, 0.072, 0.092, 0.039, 0.047, 0.04, 0.033, 0.078, 0.049, 0.06, 0.039, 0.058, 0.023, 0.14]

False | LABEL: 6 PRED: 10 MAX: 0.209
[0.118, 0.037, 0.06, 0.024, 0.078, 0.077, 0.028, 0.018, 0.029, 0.018, 0.209, 0.013, 0.035, 0.022, 0.027, 0.012, 0.197]

True | LABEL: 10 PRED: 10 MAX: 0.258
[0.112, 0.032, 0.05, 0.025, 0.079, 0.07, 0.038, 0.027, 0.04, 0.027, 0.258, 0.018, 0.036, 0.046, 0.041, 0.028, 0.073]

True | LABEL: 0 PRED: 0 MAX: 0.271
[0.271, 0.015, 0.067, 0.034, 0.085, 0.108, 0.033, 0.035, 0.029, 0.021, 0.077, 0.024, 0.068, 0.024, 0.035, 0.022, 0.052]

False | LABEL: 5 PRED: 2 MAX: 0.128
[0.115, 0.02, 0.128, 0.056, 0.103, 0.117, 0.027, 0.043, 0.029, 0.021, 0.107, 0.016, 0.081, 0.039, 0.032, 0.027, 0.04]

False | LABEL: 12 PRED: 0 MAX: 0.137
[0.137, 0.037, 0.097, 0.05, 0.087, 0.105, 0.042, 0.048, 0.043, 0.027, 0.059, 0.027, 0.074, 0.05, 0.042, 0.026, 0.05]

True | LABEL: 2 PRED: 2 MAX: 0.107
[0.086, 0.032, 0.107, 0.059, 0.064, 0.102, 0.044, 0.035, 0.059, 0.038, 0.104, 0.026, 0.056, 0.039, 0.036, 0.027, 0.086]

False | LABEL: 3 PRED: 10 MAX: 0.132
[0.113, 0.034, 0.128, 0.049, 0.049, 0.076, 0.049, 0.035, 0.045, 0.037, 0.132, 0.022, 0.048, 0.032, 0.048, 0.035, 0.067]

False | LABEL: 6 PRED: 10 MAX: 0.164
[0.117, 0.036, 0.101, 0.05, 0.056, 0.074, 0.064, 0.042, 0.042, 0.03, 0.164, 0.018, 0.046, 0.031, 0.042, 0.031, 0.058]

True | LABEL: 0 PRED: 0 MAX: 0.278
[0.278, 0.036, 0.067, 0.037, 0.057, 0.073, 0.035, 0.032, 0.022, 0.027, 0.078, 0.033, 0.056, 0.032, 0.037, 0.025, 0.074]

----------------------------------------
False | LABEL: 14 PRED: 2 MAX: 0.126
[0.116, 0.025, 0.126, 0.051, 0.065, 0.099, 0.048, 0.034, 0.032, 0.025, 0.1, 0.032, 0.081, 0.049, 0.048, 0.029, 0.039]

False | LABEL: 2 PRED: 10 MAX: 0.197
[0.164, 0.029, 0.112, 0.04, 0.048, 0.06, 0.05, 0.037, 0.029, 0.02, 0.197, 0.028, 0.047, 0.025, 0.032, 0.016, 0.067]

True | LABEL: 0 PRED: 0 MAX: 0.292
[0.292, 0.03, 0.068, 0.041, 0.061, 0.072, 0.043, 0.039, 0.02, 0.019, 0.117, 0.019, 0.038, 0.036, 0.029, 0.031, 0.046]

False | LABEL: 4 PRED: 10 MAX: 0.208
[0.082, 0.036, 0.14, 0.045, 0.052, 0.051, 0.054, 0.027, 0.036, 0.026, 0.208, 0.026, 0.048, 0.035, 0.035, 0.028, 0.07]

False | LABEL: 4 PRED: 10 MAX: 0.218
[0.108, 0.032, 0.096, 0.037, 0.082, 0.048, 0.051, 0.032, 0.032, 0.021, 0.218, 0.023, 0.026, 0.023, 0.035, 0.025, 0.11]

False | LABEL: 0 PRED: 10 MAX: 0.125
[0.107, 0.041, 0.098, 0.041, 0.065, 0.069, 0.061, 0.044, 0.037, 0.029, 0.125, 0.041, 0.045, 0.046, 0.037, 0.035, 0.081]

True | LABEL: 0 PRED: 0 MAX: 0.333
[0.333, 0.02, 0.075, 0.032, 0.065, 0.085, 0.036, 0.03, 0.025, 0.031, 0.063, 0.024, 0.045, 0.022, 0.048, 0.027, 0.041]

False | LABEL: 9 PRED: 0 MAX: 0.215
[0.215, 0.021, 0.055, 0.03, 0.062, 0.116, 0.041, 0.045, 0.04, 0.035, 0.099, 0.023, 0.067, 0.032, 0.06, 0.025, 0.034]

False | LABEL: 14 PRED: 0 MAX: 0.176
[0.176, 0.023, 0.113, 0.029, 0.07, 0.07, 0.039, 0.031, 0.035, 0.031, 0.117, 0.018, 0.058, 0.036, 0.053, 0.017, 0.083]

False | LABEL: 13 PRED: 0 MAX: 0.124
[0.124, 0.021, 0.11, 0.048, 0.067, 0.11, 0.066, 0.04, 0.044, 0.025, 0.102, 0.033, 0.059, 0.051, 0.02, 0.028, 0.05]

True | LABEL: 0 PRED: 0 MAX: 0.248
[0.248, 0.017, 0.062, 0.035, 0.072, 0.084, 0.058, 0.036, 0.03, 0.026, 0.09, 0.022, 0.059, 0.04, 0.041, 0.026, 0.055]

False | LABEL: 7 PRED: 0 MAX: 0.162
[0.162, 0.022, 0.079, 0.032, 0.054, 0.131, 0.027, 0.042, 0.036, 0.021, 0.16, 0.026, 0.034, 0.024, 0.048, 0.038, 0.066]

False | LABEL: 4 PRED: 10 MAX: 0.182
[0.167, 0.023, 0.078, 0.068, 0.107, 0.031, 0.056, 0.055, 0.029, 0.012, 0.182, 0.016, 0.034, 0.029, 0.019, 0.023, 0.069]

True | LABEL: 16 PRED: 16 MAX: 0.257
[0.063, 0.03, 0.125, 0.034, 0.115, 0.04, 0.054, 0.016, 0.016, 0.01, 0.136, 0.02, 0.022, 0.024, 0.02, 0.018, 0.257]

True | LABEL: 16 PRED: 16 MAX: 0.283
[0.061, 0.034, 0.098, 0.022, 0.138, 0.05, 0.049, 0.019, 0.016, 0.011, 0.105, 0.016, 0.028, 0.023, 0.02, 0.026, 0.283]

----------------------------------------
False | LABEL: 4 PRED: 16 MAX: 0.244
[0.053, 0.03, 0.057, 0.033, 0.24, 0.043, 0.053, 0.026, 0.029, 0.017, 0.053, 0.022, 0.021, 0.026, 0.028, 0.025, 0.244]

True | LABEL: 5 PRED: 5 MAX: 0.276
[0.142, 0.03, 0.041, 0.044, 0.04, 0.276, 0.045, 0.038, 0.026, 0.045, 0.047, 0.03, 0.046, 0.065, 0.032, 0.011, 0.041]

False | LABEL: 2 PRED: 0 MAX: 0.138
[0.138, 0.04, 0.084, 0.045, 0.071, 0.062, 0.054, 0.042, 0.048, 0.037, 0.115, 0.043, 0.05, 0.037, 0.046, 0.019, 0.07]

False | LABEL: 8 PRED: 0 MAX: 0.183
[0.183, 0.027, 0.07, 0.04, 0.094, 0.054, 0.05, 0.031, 0.034, 0.036, 0.129, 0.024, 0.032, 0.029, 0.038, 0.017, 0.112]

----------------------------------------
